Longitude,Latitude,Altitude
9.602399980420731,27.985361587463878,10.799335497524552
9.86958135773641,23.603030597129877,14.199239417828839
10.05416921471075,28.05143185298535,11.649592765870803
10.074596581735957,27.76342089592708,10.849894126235753
10.501151264729351,27.921423645514203,10.394779541533397
9.97809085911502,24.228830243653206,13.347356450532189
7.754195700672488,27.031639397625998,10.86846465088183
7.432530201148461,27.72448025494393,10.061534258342196
7.453229553431149,26.84293242616841,10.205071422202865
7.681471347588397,26.986930159998288,10.735516794301235
7.624677424017756,27.500241238601703,10.84937594292138
7.63028374437862,26.405250605344047,11.0162110904837
7.059019637403719,27.16551995713425,11.157059610064525
7.06516366429848,26.5311317383434,11.088262637595664
7.337725813355261,26.154152323910886,11.570632157255394
7.130368405786065,27.72048363851915,10.996091271102607
7.080720466383368,27.3524675091224,10.6755337112746
7.096634895484517,27.301376281673576,11.283016761295812
10.684875998693709,26.699386323484084,11.46031197721799
9.524170918688547,27.42727726133727,10.94611842946913
10.639532989959486,26.227251566298975,11.780491314259042
10.806966519815477,26.539480784549283,11.851292416316516
10.814675248675927,26.95373997839803,11.413648195359155
10.392917321547722,27.078757322156708,11.388834737018122
7.901175403999253,26.12669669273197,10.104690799587296
9.495137812601124,24.01568434865569,13.485979115597214
9.631226305953764,23.444534357954485,13.815148192292506
7.832806691972108,24.72032954719348,10.495069787430499
7.6785518998233675,26.18635069578161,10.057001490613066
9.351737752725786,23.878971820371518,13.022174224776565
7.105979143103084,26.37283464052655,10.95051416970646
9.681231914985107,23.37959383699102,14.199856788805041
7.168929385685542,25.390257524521516,11.118120961276372
7.27099210320827,25.882578733572345,10.750526090278383
7.2010510882767065,25.164424218610076,11.700765821275695
7.608820091809406,25.383040361063934,11.591912792206086
10.088457884863663,23.226824283936992,14.099979574142651
10.005078666886643,23.34842753508391,13.984167073977526
8.68559775637689,24.317151303939227,11.051979080625
10.17893184073394,23.738816817201684,13.400804669599301
10.11619484166514,23.323676465849708,13.950790203316956
9.56788486436191,24.87910317031653,11.794919221357166
7.921264716001356,26.059666494285366,10.264904921147288
7.586973545942394,24.955342279047613,11.665569884253186
9.374931310541522,23.360127791442824,13.771386739665497
9.804625992010063,23.073557676646878,14.297684085247951
9.745024254507234,23.017801587795812,14.187147207919729
9.623824464187297,23.049521309963268,13.935517686255682
9.88777686188425,23.018504899226755,14.476921923821669
9.352891092459561,23.17142968610232,13.928891039549848
9.018232463498697,23.42636659493676,13.624637629545083
7.26158594159172,24.931911671890997,11.58029778387575
7.4501703637782635,24.081774065807934,11.987798506503772
9.289492323392617,23.415185823519742,13.800340743843705
10.388995711319883,22.52002858346997,11.429189936117062
9.233768836140746,23.799901457917848,12.583453747269484
9.37838647332769,23.59409007294238,13.107563163781863
9.535478670160977,23.81153067613419,12.169222610695801
9.610325020162179,24.016550818686454,12.499481721687609
9.334818992830973,23.872688487364403,12.421273346357108
8.632283575575602,23.86960847300777,11.03111860367872
9.603768751405212,22.852674940636334,13.704313554215265
8.101944434989724,23.774817241359777,11.14435590774135
8.413951155104797,23.86991540139535,10.977562359187143
8.425623338941634,24.095738659479277,11.124982353910118
8.959943260444733,23.807828013858835,10.387410415072074
7.6821424195302725,22.907133237453806,11.87979607094969
7.575686861646105,23.61090389348894,11.865086974493707
7.352268360514646,23.352038397333686,11.78279708822185
7.505201164917776,24.224768747874823,11.661211594224635
7.330303674147599,23.83778739901182,11.79841577219188
7.40366237959989,23.52927564982426,11.472444799038286
9.37885921307751,21.73684861090069,11.69966397122403
10.795697638878162,21.281606690007493,11.409443010611838
10.5600422705899,21.681773507034432,11.597411366453162
10.566493927545169,21.67329911448761,12.269741091444416
10.076497841811168,21.774417972904168,12.074866090484555
9.853165383670108,21.730972594681575,12.31137648683829
8.280993999818273,21.465255027608467,10.611640871008895
8.218240317108583,21.20611632153173,11.908855467488094
8.100047575060687,21.74748733435698,11.880456564154562
8.161091149773284,21.464792199827805,11.700579032738881
8.22548861486217,21.569406821332823,11.534792703768513
8.208566315895158,22.38052395645634,11.658730026036098
10.04294838774284,22.8742366944406,14.61014209727115
7.373941498486856,22.62214392897122,11.881952937174194
7.274395585618676,22.95559295430039,12.006453265498843
7.308193062413366,22.47742831003625,11.583668349156499
7.232848903929851,22.78821130920688,11.157337521279706
7.351159596579766,22.802635198860493,11.989393839241924
9.666072523176778,20.4559341703685,11.537204745846061
9.829582690226665,20.563764037775883,11.473396825232244
8.994547813006408,20.31918077949015,11.02501455234138
9.104432309145537,19.838260784493997,11.140207535571523
9.305465681162362,20.55885013830436,11.898771922528908
9.983882558944902,20.564168257986402,12.131554543708884
8.238159211757027,20.979427392839863,10.430961426986316
8.458152417465763,21.966032182831874,10.927883225601866
8.514206921427704,21.38991294023623,10.66665068601844
8.462827036286635,20.748291532280145,10.215105101203449
8.370545811872965,21.138097749112113,10.398344984395196
8.489880069579662,21.43569433655498,10.890352525527849
8.023775570850422,21.452365450659226,11.99819196102657
8.044848351002951,21.2103050301085,11.952131647318087
7.9858921803357426,21.851487499409682,11.834292582292289
7.95310930177237,20.588612541195307,11.81957123050071
7.681655131399287,21.4080667627637,11.732043897927465
7.752233706077989,21.651425836802456,11.435992975676935
9.10238014456507,18.408270224900193,9.865254660838831
9.440125207754589,19.009329843511324,10.970427178239017
9.191711601026435,18.31882328484619,11.07544789252617
8.95307538389618,17.93442035715872,10.404076583497151
9.795328241658256,18.712875624904143,10.00377577275235
8.737536024381788,18.102605653586913,10.157939045421486
8.704132702095686,19.382385246386203,10.828758087667623
8.568223225680676,19.400119537106654,10.881709914875067
8.556477334291626,18.322666293204957,9.990831192908466
8.528132875674482,19.125412587728793,9.849084946635134
8.579737480725512,20.21977490321107,10.660008526027678
8.54857349843426,19.077770632419245,10.542599838386638
8.447546386274976,19.29161682120848,11.003873194146855
8.447282406342246,18.95212796892159,10.920736045600371
8.501835077036901,18.708542094743194,10.774797848476215
8.438515762093024,18.814389720016877,10.99011774667279
8.473066229515712,18.393232869219712,10.909221758704442
8.418279253255468,19.936090135099057,11.783719336467739
9.492172182506188,17.364721091360856,10.88651083158302
9.516453282888586,18.229962049774322,10.470804671895966
9.345285901231879,16.878549042861845,11.771006681659488
9.798054856085143,16.954138503686913,11.771905941223551
9.732839709199006,16.800898657057292,11.958590530627143
9.802380286650688,16.90372982759483,11.591115667612314
8.443593072848696,17.64518351328505,9.66815332683415
8.442278136560214,18.264048886296326,9.30858268398292
8.52957775447752,18.756011199645222,10.408180632593307
8.28389295020163,18.455520741515773,9.349705055517747
8.324528272799014,18.046410877989977,9.389091822786135
8.552178483783505,18.12682799942929,9.373788184750909
8.991423608576007,17.78047829546364,11.8421373612599
8.736835497576994,18.140879558030846,11.352621101502963
9.277480414942113,16.920213500159342,11.549349422437608
9.027614249422609,17.019894205224123,12.144918351645288
9.153306327129439,18.011949105200905,12.34638314662276
8.994158224894075,17.795892232897252,12.69662212471681
9.444695359775976,16.15678940779749,12.000331922817463
9.074803982854677,16.5811154126404,11.799153903757018
9.248258476185747,15.304771491480373,11.199951513726148
9.21266549505052,16.637825907134754,11.795303772602658
8.98847668457773,15.553939206622681,11.032443353981535
8.821876502859464,16.01682292958526,10.496628512236558
10.652964907212178,16.785805316367753,11.416119890729309
10.414988418642245,15.573572447236408,10.703591083149858
10.228837237992797,15.883998274811232,10.142208603831364
10.37676706591783,16.308038707288347,10.248436329721017
10.589957285024862,16.603511739160624,11.126564930628255
10.783813851511283,16.7836567610443,11.117881037524793
12.64682275029976,18.27837921838224,11.298734891767651
12.50154153812208,18.985512996213707,11.677175211780142
12.3218251098642,18.10246348996818,11.9098703523165
11.860963100720555,17.799949728889416,11.507279099558243
12.81479530981952,18.126448769924473,11.371280126655392
12.4321546641163,17.787796941883624,12.092959375210132
8.784580724945968,19.314731116321504,10.806336901579407
8.819670013748905,18.31350033721139,10.063507361616793
9.082818950822041,18.346828797292027,10.007472626206031
9.2463885981913,19.51408503687146,10.738179117678943
8.783988080120459,19.46220091788916,11.015756666291388
9.26558184208032,18.79321244019001,9.984155635696725
10.284463960306958,17.732663841830647,10.714328092754036
10.184292630936152,17.709052127528373,10.1555428717428
10.278265019790085,20.063274086694626,12.230024453392502
10.373586023328901,18.186248077623503,10.983696081768741
9.8892446330306,17.784058249293242,9.943140885343954
10.56589679160531,17.713017554881745,10.944168872032979
12.041908804888452,18.166850492131566,11.89986186694517
12.360314600152352,18.53391369530379,11.90044403140276
12.192680457829109,17.824766970603793,11.195856557226783
12.384660471113097,19.302950441877734,11.358968835474919
12.67531796274461,18.477770639922653,12.498897004690793
12.406468289512505,18.420551789644968,11.739880749507966
9.143347540539565,22.03844054573187,10.948079977384541
9.358372483564812,21.507298260755633,10.169119433560363
9.309793529049285,21.00632700299124,10.421467397308014
9.086926707970118,20.948475627134066,10.723199136478172
9.190228382564879,21.679587992008006,11.261319988094096
9.252098803663966,21.420855620854987,10.87023248260114
9.85535915329911,20.416169506236187,12.265649009712455
9.535317637738869,18.734445725836505,12.026654681610985
10.283067429194487,20.089983657638406,11.403254691500349
9.725337241392445,19.373504700488745,11.489985274411834
9.748284671425147,19.68750748685362,11.421812127697613
10.14776843889362,20.937711594602487,12.69689813497159
13.964897622919576,19.729494295085992,11.886662718583693
13.801044548855632,19.93354694612707,12.5027862616233
13.834944334482827,19.608497035792723,12.046574812526183
13.713289424097189,19.486411547228872,12.238820528120659
11.410146263327924,21.659266192497306,13.964560814280611
13.898908304945298,19.97952652683977,11.756022508909478
9.931492299167928,21.991539048899885,11.444672118723908
9.978960956036893,21.171561005549098,10.961553312154976
8.965786742079214,21.075867157737623,11.269304983959202
10.199809924384963,21.614267891514913,11.703928334655815
9.970858713058051,21.193835780715368,10.884399415406566
10.036401448718165,21.623374876109843,11.304833897556527
9.844845752585437,22.772980030827924,11.110307738057749
9.770122663551266,22.643884494557483,11.199824598846917
10.862748010990801,23.40921509274843,12.032293338662718
10.566692144625314,23.39917767870559,11.703861154306995
10.56347018475221,22.59753601121436,11.380223034953236
10.374513823948758,22.949179761024354,11.508448545749587
13.837556343452395,21.362251549018417,12.23342536192331
14.006560833259492,21.119596539040906,12.676017354565609
14.230525102575154,21.31282183236565,12.245242027701707
13.857319614253436,20.82594254888984,12.45367513111772
13.648352112031787,21.785441714193723,13.690161671094213
13.979134045587925,22.517510727103257,13.111852206869257
8.879652077719157,23.678455644035356,11.616247101336423
9.229813954203413,24.226629395848626,11.862283349330635
9.791214741800477,24.2453433925009,11.760486251522877
9.804807773262247,23.942125143058334,10.92193609644345
9.25907214451847,24.569838260252965,10.759191084398864
9.181648528328614,24.03493878677768,11.58766681011488
11.129732172310899,23.979913051671577,12.732690208491901
10.696331964712652,23.603833594055512,11.468410431497741
10.888711997389214,23.399461762032097,11.88846513651161
10.756033034981758,24.456306370878405,12.4679388129241
11.786983334517352,24.25296952186633,12.348227604179726
11.273201295800483,24.067243046072118,12.033156427395188
13.535971677414443,23.01808340312921,13.760671428971914
14.088386759296423,23.78280399006706,14.275648840577876
13.644948342605815,23.39920983574191,13.977155878361879
13.54578055636479,24.00259567750329,13.251191767890386
13.576272754622616,24.40525982195178,13.745637471784176
13.720849083616509,23.673657436742587,13.922416443993074
9.717630564104095,24.758245566976143,10.755137964762795
9.364943880525406,25.16382175011059,11.11186669827214
8.698311197669877,25.042728253269363,10.9520139660438
9.5000900399608,24.340849987341283,10.75436090212623
9.19062033614948,25.338802642373693,10.673031942555012
9.301228811128816,24.726019046919276,11.07461395917755
10.891893785298716,24.541760767715537,11.258963314470193
11.144418451031356,24.027575558632737,11.508656060681066
10.690369454702921,24.16659877010371,11.034298057242314
10.860977750288376,25.770113825357654,11.592484906213746
10.993637017816294,23.979245906730362,11.201142676415067
10.316858036824852,23.34720656054942,11.029676070635576
13.29078294343893,24.30095661609861,13.746526583676566
13.218063692818703,24.635922876174178,12.856209466039093
13.186336378657266,24.772724178850517,13.650100417281926
13.204440654741889,24.652290003174457,14.29760279952408
12.845118103749037,24.8579339941307,12.95658506508633
13.666554694362063,25.177723609222788,13.721123749283924
8.986113895032439,27.183905370117127,10.518562951947349
8.112807311176823,26.704115236844693,11.30568690321726
8.3440396400782,27.319184000680448,10.609076086880897
8.852519914015637,26.75919636725888,10.765817324351179
8.680196769564057,26.81492468711538,10.628255003888194
8.315089764147721,26.434539755488533,10.445973386493288
8.657391726774813,26.801909232782045,10.767002739349717
9.7602195937332,26.564443216617136,12.01721438321522
9.493839110993402,26.64135737546495,10.446703505440233
10.342694808899832,27.04792212872885,11.552441705448953
10.011715211181288,27.274109147535782,11.486838034906274
9.709116518840096,26.456928200468244,11.201467807060098
12.135619952257713,26.660468872085822,14.067657168905692
12.232329683701764,26.68572881120708,13.158378530169553
13.452586425299838,27.435490232887574,13.301531235339612
13.140669889127969,27.71826126902711,13.74408449730621
13.063185068873771,26.461090427660263,13.455162653133074
13.134045366784852,28.21158021136005,13.03516678332233
9.114783870119725,27.0208974235904,10.936892771246407
8.731312159963137,27.910311249132622,10.746378732540752
9.337079844485611,28.47054242437154,10.096812279550514
8.708438384987033,26.81824423270031,10.493269700350943
8.851117480762284,28.46812496485539,9.902244670876787
8.177601368933507,27.017787354051197,10.303982221300917
10.806443240397186,28.566620027699713,10.171232722529624
10.098388511703439,28.447067990436846,12.30342468793233
10.530916884210288,28.064527073807945,11.890609824835263
10.769171741755628,28.508240447212046,12.816326439472578
10.532583722353644,28.132353143092402,12.335796652703667
9.131869212089548,28.454468098062634,12.26132165769109
14.0026309951386,27.99081111937638,13.871417411996115
14.174450715755473,27.297394118245016,14.445918512240574
13.470166779478596,26.72283626689119,14.810379857307051
13.726539048272222,26.76864129043793,13.900759261439092
13.900751973578299,27.44568704541317,13.86166710835189
13.684119741516874,25.71684146702099,14.373745591798034
9.721698858402299,27.096356054590142,19.432167518390095
8.759089311782406,27.395584293259784,18.629253201804275
8.890351055425118,27.696133730835037,18.346383006677964
8.413962916720575,27.702039382205413,18.22963005373367
9.096309893917748,27.893552295714308,18.415682062732813
8.805104322202101,27.80118934787182,18.181537108857324
7.76803116282327,27.296633368615282,18.59087586023748
7.792026376216723,28.663641187936935,19.176953079418016
7.733066314770138,27.78585896791112,18.880725927969834
7.812724861047327,27.830684878134928,17.8408219417732
7.750566531059812,27.260465854314873,18.517627258149
7.807532027725687,28.980063069856435,19.010671742930917
8.014147323790663,26.135764710680686,18.38427825580731
8.044900239719997,26.953492635074834,17.66051784217132
7.987904165195779,27.339221927139967,18.422630453124892
7.953545112256265,27.300340083067113,18.648880245943353
8.021816748825948,26.747948410377646,17.790268553762186
7.994150945548737,25.866171719902308,17.225423284062472
9.39126299506206,25.95854402615769,17.76844643258196
9.182236186855242,26.69346338257875,17.252276197859945
8.765102875187635,25.990302934416924,17.470482323527552
9.497252403872814,25.868457014056155,16.396861205090346
9.343941429936589,25.96498780300501,16.234959827501847
9.941662642466385,26.869045177099792,17.156479262973736
7.749290783704723,25.869699302537093,18.12700960212083
7.815063013007046,24.91985981623632,18.21895586908758
7.82021309047693,25.256896479849484,17.941336503463443
7.842602278875413,25.21354721666873,17.485303204351915
7.868101904446924,25.262727749226855,17.62544034780613
7.8616604708425015,25.773781107168503,18.51597383873613
8.084003186056261,25.087494863335564,17.32555388322499
8.094038485926433,24.965836997687425,17.579289022134734
8.096381822303066,24.936413545312654,17.517838647063332
8.087068830098367,24.992071643768305,17.651105757597662
7.962653990741929,25.490763997892422,18.640663775539966
7.961207160138439,25.303639372174747,18.55258132289842
11.06234136135974,24.56105085953356,18.353090903067233
11.299224557213456,23.591919558441667,18.99751695293212
10.205356784842857,23.00167119943133,15.681363319560841
10.279316547413954,23.48868071310753,18.77250786453991
10.504219700414009,23.45395176004996,18.308849763171754
10.08309922560503,23.461444079752436,18.107231604471252
9.940268872665687,23.04593059762809,14.991879781515394
9.979509567904017,22.997857177201663,14.858061548554943
10.054391161730214,22.935489439149176,14.763382042527398
9.913010833390608,23.015983592893544,14.910222674984002
9.778520197931977,23.213544832034433,15.379636308474002
10.047839720719278,22.93338379737203,14.761977310198269
7.758967733041551,24.17273843464848,17.915676848345502
8.100937841566525,24.500501677696008,17.851298770827118
7.839177585602034,24.45004710361655,18.031508991097454
7.986199639507866,25.198074114504518,17.388183963942417
7.77361376009829,23.69606733129303,17.764689236625752
7.923146305082122,24.238980766617782,17.256795711865514
9.432200454097346,22.943434867094812,18.02897486354236
9.927407989631654,23.940713693523648,18.210951117720672
9.96288918052358,23.925541645954777,18.132990459978515
8.661489895427847,23.18719298320388,17.490415990508016
9.425246605176076,23.896827820894803,17.641895298994495
10.453547260637574,23.387564984279038,18.092195443885103
8.333451384103208,24.075547574841107,19.380511988880965
8.039582814668027,23.568869585840794,18.728089854905306
8.235518320021448,23.948950054544255,20.068640975090418
8.099593636494857,23.82154674757918,19.692964405404055
8.569594908726234,23.786337901049887,19.501474794602608
8.538572669153854,24.177050937677095,19.600136250028783
9.30362800587896,22.903067665161572,15.766731223310392
7.97560657956198,23.830642503595705,18.06716249076928
9.758383933330133,23.067907579467388,15.181552656086518
7.937951466091012,23.488321170487414,18.260048843666315
7.930720477305878,24.255983050341527,17.877332489715037
7.911725153212595,23.72948010341979,17.784408222996724
10.09203344238599,23.004529855926602,18.611183878947877
10.323220280858445,23.690595194617632,17.93433136126117
10.276778729451479,23.108264246858777,18.47560725193463
9.995464585116661,21.733426485033185,18.07517119084992
9.910647662328886,22.852356820783726,18.600975972739146
9.161006287295628,22.82264958144387,18.75885158916229
8.340371634612902,23.216174899240148,19.054129256241673
8.28891655204543,23.49825449571944,19.371930520339134
7.977050664234534,23.468929011337718,19.087411250248934
8.262409532638461,23.722091246991752,19.099731537909346
8.324998565455312,23.821778222661916,18.95980205577431
7.787504919842163,23.585948049699915,19.062787139471975
9.405034583920171,22.695004938535966,15.787243262693815
8.475402554660125,22.387861130869286,18.320218187743006
7.849477330817836,22.716657436100558,18.017825393785422
7.903295803310099,22.75094537109877,17.947291980308187
8.281663940473987,22.591750682139548,17.626163856322705
8.033718424131763,22.761689782053736,18.407773029749812
10.533257180387665,21.31347070132758,19.756784489903154
11.271573813008768,21.767310640699954,19.597263007505873
11.703789624417398,22.09360036610816,18.732225213025117
11.557041128745134,21.723539837294364,18.631688986381988
11.697808136005643,21.59960318555685,18.760154757565246
11.803114691266137,21.426485753679778,18.750915700475723
9.981758949679413,22.84774662219319,15.00647900303885
9.741491052264495,22.684332227504292,15.630075696971481
8.636540797643269,22.76524936142277,19.221359164520997
9.746661874679809,22.739009847357178,15.796830737884036
8.916505203228546,22.67192651449614,19.785335661770276
9.907911963592298,22.81171106476268,15.214938757202797
7.772358880030302,21.35814743561363,18.290095031010985
8.200933144590413,21.101881613792898,17.78273356563323
8.297869163520062,21.75591660568685,18.602485434390374
7.842352435586784,21.21380892596163,17.68745643550798
8.481128326347408,20.98612863322708,17.38539732205913
8.045269227978586,21.001691190355718,17.58915328600138
12.018624112881287,21.70011230886298,18.472085740669556
11.808905514903646,20.723622336590385,18.760447741354014
11.623193911889462,21.28036989012903,19.286917206141354
11.51849330201987,21.226148413886957,19.143762525698996
11.184888625393231,20.764452444835833,18.854454082347047
11.50468017646781,21.3068753463115,19.365674969481173
8.315274154315173,20.205070691547068,18.156538732585517
9.769057386743384,22.442942675666515,15.216599070636816
8.569846368750058,20.772933472290234,19.24652715518186
8.461498301608072,20.793964668242307,19.57880768036744
9.801017217087093,22.546705725268396,15.385930392807564
8.377449367166669,21.002548571699073,19.155551239250578
8.39584269268292,21.350653691041817,18.556816020517935
8.362477144040787,21.05623647024157,18.53121167986437
8.948511913284719,20.954374212315596,17.9430837491299
9.770835684960831,22.50728935921326,15.246229018566197
8.072556472763239,20.53986574342903,17.855010311608865
7.7990366688117145,20.225853683193503,17.426842876386488
10.841501089558843,19.134385373025516,18.79719741727175
10.417733379092237,19.774302839668614,18.99761800882837
11.007430902375665,19.593438609296992,18.945894282785975
9.631739555369808,19.57665980434503,19.33548840892189
11.040354578105672,20.227922177993122,19.73854735195638
11.032578218686009,20.66472374812087,18.73233301816789
8.713148754196276,18.411000553531185,19.306005803703535
8.678269903341597,18.894429248004755,19.226604302648948
8.971022761503585,18.276717755553985,18.82044303238535
9.15059692453141,18.683415297758902,18.86157531078265
9.260235002390115,18.26199870196608,17.925779989997555
9.103510296805455,19.05916643220669,18.911506946453137
9.08697221747468,20.223053337804636,17.127622419683927
8.832251451727684,19.540486613026566,18.697646681647598
9.129712404186638,20.77696340750948,18.443942875973597
10.121949763914023,19.402253807967384,17.272295539112058
10.082790413944572,19.769186042734503,18.42837414369515
9.500190913793489,19.166205225890785,17.761319807947636
10.523105682262356,19.16473038238047,18.726686516542987
11.033865990797377,19.584208548289308,18.645423046652976
11.048799390456285,20.48954300158853,17.582311572339172
10.544878018287836,19.74335763035775,17.299500639336898
10.552647936886151,19.81894940531834,18.884528942750904
10.491981807275765,20.196254102619786,19.10473517444299
11.315573069345444,20.035909332039694,18.55997516971734
11.90009737778302,20.07216397883709,18.93075654622296
11.881944386481038,20.270151238963553,19.17306771590767
11.304036649751144,19.44871341679524,19.26148605688687
11.965031160487307,20.443675845495207,18.321446778041622
11.340191566389343,19.214144444899606,18.868444632437942
14.154412359022208,21.07345400304883,17.30303825249963
13.958809180850235,21.662104210961918,17.810631462001293
14.091867108707918,20.47503930754505,17.575288577710865
13.946674317803211,21.19710644125922,17.27019686415794
13.75230356271541,21.46092899992731,17.57212415131669
12.891828681616397,20.280042018191274,17.439373469974196
10.77597870833333,20.385562282485605,19.095983959731825
11.172798917885022,19.92101594904336,18.601792830829567
11.013419112158525,20.903909012736015,19.125140021782943
10.676217291366358,20.193463654311902,18.908412704322696
10.571403540791563,20.169561492056577,19.03900851147433
10.53595858440037,19.617173220125668,18.503644613510325
12.00191986828938,20.563373311465284,18.298853889914966
11.777928349959819,20.726209459273278,19.39443158319754
12.104498551700297,20.557559041569363,18.58546793371284
11.796320724294599,20.40786789449523,19.257905051966887
12.716113330782733,20.64342067599855,19.534856299415043
12.683092137698681,20.473506035556095,19.26543004427118
13.465276999868529,21.143624154436978,17.941852011728148
14.165540758768735,20.409437846493436,17.56846261523281
13.39443816489209,20.33077692432758,18.046599480953603
13.542297273985248,20.667405122744917,17.815057218566253
13.691964656997737,20.857801733944473,17.5953717280735
14.11086208422489,20.810202683844253,18.010470472753028
10.872930078204162,20.679472590596703,19.443532797567492
10.310096740337627,20.533236573760725,19.051999044113806
9.915085057459416,20.623987725029888,18.430815261889713
10.391780276127413,19.994120257400375,18.576007029340023
9.896043082268031,20.05608267067766,18.746552532796414
10.685926344788268,20.390607649705316,18.87475994422599
10.84138514679984,21.008944274265584,18.348619533508465
10.562401731323817,22.120391230016583,18.842184825150582
11.40492043024511,22.156841361458593,19.015862402058406
10.761421847213406,21.855115478677117,18.972596928827073
10.482679125039617,22.084182811318303,19.00809311107819
11.68218170723846,21.722986981586807,18.792462633422907
13.812026629185318,20.737155204518963,17.942204171060652
13.43079030649482,21.53602309294463,17.913561882339188
14.339434268514244,21.52272454650489,18.242163184053236
14.234744106427083,21.428597432382315,18.51326466781439
14.35528507810207,20.89255847811155,17.762930686931984
13.91901044146466,21.566043101743183,18.64462270774601
9.278004121415718,22.952455853378954,19.29010677249277
10.27801933421376,23.697556476513395,19.464722505029723
10.031450648420806,23.174195596420976,18.786339665919638
9.755845754017042,22.669181434585262,19.190488485382456
9.07990670230186,22.637632004236785,19.1181597520941
9.788276169182224,22.547213960431584,19.006427506165664
11.300337535845141,22.55629195625484,18.88862372879843
11.290738820598174,22.274499029947897,18.69165871798544
11.659507957770522,21.860373389803154,18.426591135321075
11.48534658668839,23.29613343980066,18.374714904373153
11.765066182103642,22.723950614694218,19.539124006780757
10.6165359989774,22.882347190291412,19.02404238554928
13.534860525506764,22.45951118504076,15.978770767533025
14.671557300370985,21.83355335036447,17.19995280117493
13.731610989447674,22.046436421263174,17.124690605317962
14.312638364260883,21.86821823806263,16.13126210693301
14.913225749799249,21.754347462325164,16.48813619690867
14.314449851465184,21.864573998254052,16.583187152275578
10.334526574199096,23.89501080050226,18.942833692181324
9.786655435046875,23.982625871869686,18.792055688838104
9.849584651257837,24.102062046216513,18.761627822789727
10.289286315999284,24.822407624828877,18.987035932330024
10.324738136709012,24.081062635226335,18.924272268736285
10.439425155489849,24.30173100540489,19.278145428753817
10.733686567729409,23.894525339174777,18.059930250271073
11.027540264078631,24.20593172595301,17.928610403486402
10.873256562528537,23.68037645012632,18.125008655002546
10.951849086199804,24.001081301135244,18.36264790331744
10.887115122536336,23.86783925189767,18.297260789347735
10.660544966615587,22.98597623095254,17.962431579301477
13.960463151810213,23.816773705828645,17.284875499501965
14.400474497841751,23.682358926894793,18.236953355825847
14.046792522459343,23.889934255270457,17.909020767848364
14.068629660532903,24.109486440811114,17.909530232283455
14.538070763353476,24.31962629746225,18.439626856528097
14.790451348552857,23.379799341304135,17.655375972126947
9.560243811139808,24.575918450366363,19.892690055800887
9.08094006226334,24.30960725884311,19.062889221749373
10.098975427500186,24.739820112379835,19.46098437940041
9.44122143866714,24.273939590112963,18.75585032574289
10.056614885021787,24.46373965276234,19.188382699895975
9.319392457119513,24.266181602934413,18.56154660355532
9.649226359751685,24.181474571989668,18.8258879807439
10.391080612572171,23.966622388061424,19.342155414381132
10.629862451335585,23.894857310032137,18.77453433345132
9.805944375129855,25.34435878243153,18.672947774109275
10.61332398079057,25.220609546286028,19.534613488805928
9.561026545932572,24.751313164513032,18.755580566433842
12.731671573650647,24.480015784739784,17.94517059477429
11.93731127146021,24.137975206769646,18.374860479815315
12.453969055842915,24.015637982327352,18.282167057618423
13.0580213051608,23.953334859836854,18.015111656768717
10.743019784961884,23.480545620447618,15.640586579622138
12.76876528607962,23.713656980746794,18.303485886459562
9.292420083289738,27.933360689036977,17.694941656579527
8.37505905392426,26.71259935845875,18.003587505034815
8.845575377936866,26.60456383029275,17.48872799064605
8.718845191789157,26.190198393809418,17.331229791109482
9.083441754611378,26.774369311672213,17.036168736836146
9.940582576455135,26.87893554085371,16.891882839918306
10.77779668164096,27.682528020411077,17.758193414589492
10.634194555327664,27.42375306411041,18.416926649687923
10.607702124794386,27.1047884727218,17.541813809660397
11.072795061012126,27.55854076752184,18.673738758282642
10.489301696829516,27.117025060890846,16.73807646900945
10.472905559060257,27.398065347401246,17.282493705041173
12.797517221433491,26.809270401689055,16.667268378927655
12.125195257020117,26.145705978534767,18.253202544389335
12.509737871164145,25.630226742674626,18.07660340179795
13.13793828025452,25.110206715330353,17.456373121700754
12.698833696660627,26.06656778416821,17.57264700754603
12.403868605259257,25.59996729751442,18.42337928613045
9.64718530866405,29.50342728897636,18.74428862613226
8.665389707094945,28.12217929017463,18.308806336128146
8.593008202210251,28.092741006363656,18.462098479013697
9.017331113259155,28.265812488038144,18.481920691614384
8.829378656960188,28.282998955050658,18.324678100203208
9.215610138225811,29.299052479948514,19.342641400092607
10.762253505910115,26.48654707904287,16.741009589476473
10.788971908726909,27.76740417568834,16.927511193073208
11.542743345699616,27.447952124288438,17.990427387338947
11.37199927840427,27.92443122191728,16.941786019737435
11.102061943535189,28.02191880493685,16.73422924627559
10.24898645209785,28.57259839083237,16.84021300178695
13.521968387614642,27.055797125650145,17.862776561117
12.846275113176045,25.898910439037362,16.25000028887685
13.122673639967646,26.56055939096851,17.44016738657198
13.18083159178964,26.966470366050967,17.120206498188054
12.045889651141579,24.380711524934775,15.876330347598573
13.785335725344504,25.8562785060043,17.36906077533576
9.37761488681987,26.10149694969951,11.76678849780372
9.810201699871696,25.26631942225765,12.523340790881385
11.499230776411501,25.20698856827253,12.556330821805071
11.026404211024623,26.086204962101426,11.717612205262768
10.625552958443283,26.05019305926304,11.716184890643676
10.11740738534404,26.821312226795555,11.991038752182803
7.716915688831166,27.933074778551948,10.593527125827478
7.9323527022742315,27.973817813468486,10.745554648369062
7.863050298584775,27.98442537020676,10.293171236189512
7.737811904459194,27.967045552313905,9.888542484264402
8.07103907944055,28.501185534880687,9.448438329041927
8.038310583676383,28.534849859302625,9.31570676677152
7.460983322672196,27.562429010634574,10.621977143714115
7.241269992165655,26.805070531689143,10.29744561394283
7.352667061189123,27.61952146976766,9.755712189675716
7.150767462592301,27.799316536656647,9.893873604408004
7.140796475007125,27.520900819757937,10.679692456438117
6.986968092819347,26.783997061800306,10.228061294905508
12.116220252926993,25.471307541560503,11.842504211612997
11.9371488940574,26.409300170884695,11.305497530847848
11.427636301559572,24.693706450085575,12.55574567331779
11.804603532546661,25.61232364728766,12.265262881271745
12.129628189101325,25.42787387991783,12.689033348855142
11.138708131625684,25.39412100886138,12.00810619119359
8.007950028669303,25.91310012891148,10.290303003057273
9.685272375975101,26.384975693938884,9.867684554347917
8.555615227001573,26.187169136272395,10.770776460040217
8.558267708953075,25.483197529817552,10.401706485397067
8.135518597537013,27.048544715677032,10.290110283159372
8.311220615179563,26.439609638213632,10.355032063890665
7.640016514460109,26.91422262023351,11.45423809895772
7.263634678855347,25.990624803479328,10.691021794162307
7.512726852281855,26.632106581136796,10.75917288887458
7.467712466472278,25.860096135257614,10.959880469404503
7.593280578023555,26.14563862577113,11.587781898527506
7.715476866158981,26.390484338074078,11.094861426239511
11.19146451033775,25.913365361950664,11.191538010056714
12.102951964361687,24.532671313236506,12.281734711246045
11.766413414280951,25.94007514317222,12.238359117000165
11.377591555596606,23.664848075273916,12.59556390758594
11.388483936176485,23.123309543747737,12.399030182565024
11.575412775386102,25.087109597339328,11.37024914881588
7.918633425722857,25.036888781815964,11.057825410324732
8.611188777754368,24.668208450920446,11.48221317959358
7.812649357450519,24.562846595069185,11.346007435652695
7.66846462114985,23.958829806182813,11.638330177606914
8.180437429109578,24.137391137154985,12.142217065768381
7.7489570822745595,24.79765714978788,11.067483222224853
7.730609248538613,24.707655120796673,12.291819417397324
7.478577929098144,25.280775722838445,11.958566570426777
7.514861656076852,25.4098783678504,11.943560648766045
7.548735750031485,25.516086273738143,12.15236729605017
7.454392189114106,25.6645443352428,11.960388008819255
7.589586821294045,26.07100016542816,11.54104365895978
11.673761563240046,23.27366719971015,12.435559026939167
12.474353481070821,23.537646768109894,12.701740135560629
12.37766787721854,23.572731113019408,12.523894683880998
12.397564112875141,24.055326829834325,12.708299788601328
11.441247733316066,23.031305722824577,12.988995011201474
11.946989440164144,22.668495992591527,12.62936297136194
8.310232749646548,23.38849893046631,11.322000579888911
8.090915200106888,24.761999562868084,11.690887268451153
8.052799056267354,24.333752593941593,11.24771628800186
8.181746503482035,23.34788577641524,11.90249789156639
8.283886016788976,24.69507153024128,11.961915785872819
7.819916936713755,24.4473212131536,11.803793184028114
7.847008311078442,22.848944033915064,11.648975291846156
7.647282692953141,23.94539421497809,12.426579836699677
7.314707884086307,23.631384614620583,11.8451418867606
7.298789883141994,23.72827308116538,11.401165806692203
7.2769799863816775,23.608431485288243,11.750887583909943
7.256957372638383,24.04399710910788,11.271084737719681
12.374369605713564,22.130191167765005,12.599348444070767
11.22161053066241,21.578576561438226,12.146203156403946
10.758032982154276,22.44234046061974,13.726458517412997
11.410038764716015,21.081106701347075,12.053558193791954
10.743604398063674,20.727585024728,11.521526624482176
11.23112754771067,21.09795388023369,12.336575279880694
8.071960669753643,21.517762495554884,12.43756188076482
8.06727740922093,22.04324057254728,11.88421545267883
8.292001765237302,21.178244805446802,11.61178476751603
8.203803967867342,21.416130357897313,11.646398839917056
8.380169218391284,21.93684114368391,11.917162745914915
8.2877125296795,21.691721793372956,11.458387319502705
7.810408365099009,22.380049204750318,11.74836903684761
7.782993210475488,21.60319687677471,12.560872788199339
7.999197413227671,22.60932514488299,12.452902713689216
7.945047140417275,22.36539364095113,11.91177941653362
8.04106359823221,22.741787499664266,12.358849317492579
8.202833337648885,22.165031885930503,11.87425689515366
10.697623531894974,20.35903611597829,11.131250245937789
9.314903525172165,20.111439840115892,11.198640583990464
10.250430807159054,19.759925843339822,11.325770188529068
10.509542885464356,20.208073641378054,11.487311996085488
11.033136535185076,20.56308963665502,11.437352453698946
9.852166179540692,20.24907176184354,11.12113849246277
8.137002340837775,21.515634028051274,11.959228381261793
8.547209489591623,20.25825012915316,12.039673895019801
8.550302714154597,20.291449157823614,11.456972004812137
8.500352201242404,20.31813595141662,11.59069730764286
8.468363741900887,20.43346674476743,11.231080499715222
8.422467188719354,20.765103755560546,11.270770727048049
8.120666289991535,20.201067965186446,11.75146686043221
8.097154843577325,20.21030307816282,10.846995166545959
8.105455618137572,20.421226878594087,10.471463038774242
7.9575989194862835,21.248487905324097,10.494034064429353
8.08508087624483,20.91622574654316,10.324644006500101
8.135687305886794,20.064851509742958,10.635579900454402
10.450850837366296,19.312351154326183,11.074771364766391
10.047679664975249,18.254129002463998,11.064878951332823
10.78621017204643,18.62394776654839,10.792147518859421
10.44696356546731,18.281603305127675,10.919994457627741
10.271417532355173,18.52269243102548,11.742055614137843
10.428716512578667,18.843378546444196,11.398973618414292
8.457367700270227,20.502201568339377,11.598901699897478
8.46276919893701,19.675125555873123,10.536428354411957
8.641496557017424,20.031163004760277,10.95840863402162
8.746359204338077,19.728203819039773,10.808252909071783
8.413106029275736,20.016975140060193,10.96282076942709
8.602474865731299,20.220096849706596,11.167568460193472
8.553267517279291,18.758183828518618,11.25504210536394
8.39743307273584,18.81708780637753,11.15390693725529
8.390345163866428,18.99548306452376,10.921764042114827
8.08599120264902,19.86438549491011,10.65873595670229
8.137564382227911,20.704914247825837,11.146519847825031
8.229323917420556,19.298128243339544,11.088189836601845
9.906430495010305,17.015200880794524,11.67494966904131
10.068152580123122,16.663799841875484,11.683676890132439
10.388004132280306,17.404770206551426,11.49066138173566
11.270874167106427,17.256094469210023,11.46758631791385
10.075032524886705,16.631748013388666,11.493974676474764
10.134875049925219,17.28678602527305,11.820146962875803
8.953682932674875,16.44880583334267,10.151432348727479
9.711154400843094,16.169330295455065,9.820046301601877
9.445655894668171,15.75426431719388,10.550071509047186
9.399217753306553,16.701793929369632,9.903020028293454
9.660696156836522,16.899550829221738,10.829992658824422
9.804757989225626,16.695917864057158,11.079626731109688
8.890381112954348,18.11556001949573,10.75548128543914
8.513521669521678,19.760878056450096,11.697135282052209
8.201102196402186,18.44492049969761,11.71296512846777
8.479227281478812,19.010622653432804,12.008156364632676
8.316051220153724,17.965058441419647,11.483381047831545
8.691848451439895,18.91142025302745,12.567342838112133
9.386625872708029,16.534496846561115,11.946019897359045
9.619986702715858,16.164856433196416,12.086406256714964
9.182419072216131,16.11000615170483,11.382448462801367
9.655234084309985,15.502747631242407,11.56960026870902
9.445911915934952,15.748505286503605,11.638361719519223
9.341308324765244,16.914615863869628,11.623198904119494
10.029148262001154,17.406226007869336,10.332961524199394
10.12504539559798,16.593417887088666,12.226197900874029
10.040220706042293,17.30764592556462,11.989334368404105
9.807201860316065,17.066461917048976,11.804866536727314
9.878315190353739,17.975829916460498,11.110685853590322
10.025356168069226,16.381836952505594,10.648111122148427
11.796408233317349,17.678688209324406,12.594736617701106
12.569367257106649,18.964520125540258,12.11547804123429
13.107886700425443,18.395575557267907,12.577432540444327
13.964614157190166,18.92580791291368,12.50831494692535
13.425586721283562,17.919525574306395,12.484504536762557
13.347265683663906,18.2438990843275,12.517659080127808
8.910377805506341,17.009979898344746,9.579619482271545
9.298921562039391,18.250645702543146,10.324117931356831
9.10672154729357,18.479909630870104,10.17692875800445
8.843539724832933,18.299678971859457,9.826523541344377
9.09072258574913,17.33120392479383,9.842301824627693
9.567013129037983,17.944346116457147,9.440504815337702
9.182513721711606,17.169070141604834,11.284590655491556
10.920936060247863,17.86724231678202,10.273158328341854
10.232658673034825,18.751888028191157,10.777450778845036
10.380933368821454,18.650596916059676,11.249059829448662
10.349950193385684,17.235251499160356,10.953407516767856
10.844745876508886,17.61364558042155,12.092766919737327
13.039525767234547,19.072752247609397,13.034790160487228
13.533125245806787,18.627809765212106,12.555684002180246
12.735473594422178,18.820537026966708,11.690124801301778
13.231821951286214,18.810566912940132,13.260920458134471
11.794720393080759,18.421359996952475,13.178714781197124
13.833637706936925,18.620113245077704,12.078418777747869
8.622443805392672,19.553791886661685,9.823933970123676
8.68115613112644,19.480062624724933,9.940027592830546
8.669588398149978,18.998096766327087,10.113372884601935
9.065049435558251,19.545426106669215,9.963170657638969
8.820097575219787,20.458270956742737,10.806068174822098
9.09188808013784,19.68746718661294,10.879699716115978
10.410645993998722,18.86141264192267,11.003474571618668
11.36084368415343,19.81311784286594,11.663735093719565
11.153345742237455,18.92941038983148,10.519821440435152
11.027720362382828,19.505475000254428,11.149926643666198
10.910571770015228,19.392527299525895,10.923934904557422
11.139309254595702,19.01706111030943,10.549097376232456
13.15353694306493,20.36046590817971,12.59924975694767
13.627078312390868,20.64764113034398,12.692049174069053
11.551651448646949,20.155147164395636,12.77933554324468
13.456707650329067,20.722416986978708,12.578986643865171
12.126559681122044,19.697926205847082,12.748805796861832
13.206326986809637,20.168373412731007,12.751829593377321
9.393178569943029,22.018063760726292,10.441136150982235
9.705141212391432,22.733070057293983,9.709044109635357
9.52648266869148,22.1250663305856,10.705737644779056
9.379032787615422,22.715939513625965,10.371410800241442
9.514353065868072,22.669906870180743,10.59267492385675
9.799483076438076,23.540970734397117,10.225142207635258
10.981640431042903,21.057510002175803,12.000766654418426
12.289185562562572,21.092170898779305,12.311102440817251
11.538628598042113,20.803541177307427,12.127342557216698
11.43823091103551,20.955868464755437,12.315634699184775
11.81944174961119,21.0254417899012,12.024576186821363
11.96819718070309,20.738697946412596,11.722094775397867
14.224891031677256,22.142519620521856,13.610784001021976
14.149034277525345,21.7264173755149,12.293944375557896
14.50920260709695,22.77540908847845,11.935079678360166
14.627639191599222,22.46813546607637,13.476858092284587
13.006636197987266,20.565000436815104,11.487097085236046
13.854298781807167,20.7732110481513,14.36894316150929
8.964683623628858,23.326303366075948,11.08974451471147
10.075449938345995,23.737486928929904,10.93268075218725
9.442869517560803,23.157157282405844,10.773182152437917
8.889270480087731,23.91495905500391,11.285924262283622
9.20018138152371,24.121400758563944,10.670037901114961
8.596138838674824,23.68799624495116,10.57540756157742
10.328763140454711,22.44014859192617,12.112922675752877
11.159148268209272,23.742086046781157,12.13446753079186
11.752285472524477,23.692648754978002,12.526173702607657
10.242294112816635,22.709499359547582,11.774511739018385
10.788310828147605,23.798088906376815,12.593019561864518
11.59207165736599,23.25213914423196,12.539621561238617
14.407030512688793,21.999068414903334,14.398239418542945
14.565678281815028,23.62811771871883,13.846979145253567
14.234224978600274,22.760843039129302,14.436335790388384
13.574492470520061,23.388151194261603,14.902570489330367
14.129856905580851,23.58212706972371,13.908162650486268
13.789209307250935,22.582541691030332,12.674274308307208
9.477298363945849,24.120492541723884,10.511282810111517
9.03109831036656,24.13199481302765,10.243545438838929
10.007220948953693,24.31714105121186,11.004513575806225
9.731554261132771,23.894117496956508,10.05916628567185
10.608515428153334,24.204759543374358,10.116165492747896
10.025697942916242,24.0649168112825,9.793340984655167
10.70864716481914,24.612779890367865,12.366938994880545
11.06242542806641,23.32651959078683,12.0579051728784
12.077022079945621,24.75443163224491,11.938294968741358
11.316257363954549,25.2367933232407,12.060558879111834
11.013164060454862,24.146754658301965,11.485388039745944
11.838347266839035,24.773059621347624,12.12489365553449
14.985004887874695,24.59574483101029,14.49582478705543
15.094376972439592,24.206719678396347,14.036792112162306
14.703738270043607,24.829974604933387,14.633055804900737
14.73224052915154,24.60647782525141,14.509163553327166
14.778555254141416,25.844291784893556,15.215319504674094
14.161010600416464,25.690684756202103,14.644279601190842
9.08157796781709,26.291412822430104,10.058967360622516
9.269889774771917,28.075613404007683,10.406318853571424
9.322537824446867,26.602475052820363,8.996303288146091
9.165105788694024,27.261844711499656,9.560631843305757
9.718453116703815,27.61234884518436,9.681217986970921
9.420393027557033,26.752326862481162,8.797398284405194
8.965267836446227,27.484440111485632,11.420013980747116
10.960127137546337,26.62482686045058,11.380740837831162
10.313660293642226,27.25820803415793,11.216386623172182
9.935422532060926,27.635098189452584,11.303490005732478
9.792492997213662,27.094353340375655,11.165022541821088
9.588517845732039,27.419110661582575,11.188387088306165
14.49215395515399,25.9410118922041,12.834064681023579
14.688624453947817,26.225376319366752,13.299443556833841
13.858428146748114,25.438434258009703,13.432735605938388
13.497176908447964,25.696568288523338,13.183267189942471
14.356631938778712,25.922406881882083,13.210267790213997
14.187104259232733,25.184957594625793,12.453969682448562
8.653747777389006,28.174750113272708,10.086804234846403
7.975114137200791,27.55364598505458,10.334534154291157
8.626180374957594,28.198349493843473,10.004003335623171
7.967747947080714,28.385556044787794,10.117815528889803
8.840697457478308,28.552838191665995,11.105673965374288
9.520417424759183,29.156306748265663,10.360394326974202
10.887821858961512,27.95881719760107,12.616603023716568
10.659758451512472,28.39492465638574,11.882478710503632
11.410904973072077,29.042988624158653,12.22256687374922
11.370071206817151,27.062380504545594,12.521158041389484
10.617821344014708,28.153445532104683,12.070301723032129
12.059112508123707,28.606970412651926,11.359016643943814
14.02188127213344,26.44917547950834,14.810303347747583
14.586696196417837,27.05181981337281,14.039454535428963
14.656442010799323,26.559707964976525,14.671740444195432
14.281390582420775,27.01954773882679,14.590170123247226
14.343009935675505,27.818101159599735,14.565867673767183
15.150878751720656,26.765716837102516,14.36839403232096
9.823079520536812,26.800428291071242,19.42821184863196
10.35218588496196,26.88802368227483,17.961403922416828
10.440552826071764,26.92329137126506,18.058991722325054
11.812482371401208,27.545623521965197,18.342468424118987
10.96387853206987,27.822538543754497,17.507563429351485
11.332525276938657,28.156531491358017,18.34372752932783
8.285031666838249,28.881346842928394,18.583030117784162
8.742591608440577,29.160782401491318,17.818166047946043
8.327482582549726,28.990958255224335,18.410538705287397
8.296276387889364,28.692732307879027,18.558928994285022
8.155679511069211,28.323842887511827,17.315241168792966
8.196518270631826,27.945297245372597,17.409145209057442
7.833921981723492,27.160984928229894,18.23669322309747
7.7935459448024345,26.85515277852113,18.041311421495934
9.625152349019721,23.723600700446593,15.442367032530996
9.476972188054038,24.019341418528033,15.74146334354108
9.305600382439962,24.371871769377353,16.023167654344167
9.746308433335093,23.475201839018396,15.288320901693398
10.618326005092989,25.76603486995905,18.299878008716547
11.829265418018846,26.708166756698223,18.592044500415458
11.879383326079337,27.656024579471527,18.05935607801698
12.166455877552425,25.2759802115725,18.229382240733678
12.481129072599247,27.17963345367305,18.102287141753294
10.647061849149267,25.13800594078943,17.53776501825041
8.538708870456801,26.181073126788917,19.513580336288758
8.209023317736104,24.935353581300458,19.163899258671496
8.217617670271503,25.17039648022118,18.86435765789416
8.22827348411553,26.187100767701523,19.27968893753326
8.458519244764647,25.39150124675635,19.122762276520163
9.059500280076369,26.210791056728183,18.61859870061567
8.011507249278464,27.414569450121164,17.417928806249925
8.054029915561806,27.114428924084915,19.201014345807216
8.211803496778153,27.0894921560063,17.821707692404097
7.849583415856481,26.50959798616816,18.433347421908234
7.864028014389223,26.795209545071714,18.11920969066283
7.7531927001136385,26.095466211719042,18.219527138552227
11.748840857978742,24.21239196606266,18.39386086623123
12.006395189933842,24.122488354487174,18.425363648471418
11.606186942923864,24.405281757695843,18.145163503258814
11.851566903421773,23.08756451820758,18.47607985400016
11.71831043936183,23.893145924481953,18.96637507495921
10.677544326619795,24.179086014959132,18.495617932531704
9.823634806248771,23.099705179223417,15.254935873515333
9.835899550666356,23.25729320284609,15.42440241330053
9.62926011274383,23.143124501814274,15.454406216466095
8.07316287260888,25.211090377214454,18.559912251956636
8.46018252694399,24.67232957317154,18.351606237284773
9.78224776541604,23.088516422767576,15.266947887280761
7.828624214710413,25.078512428434266,19.054756134678378
7.862377630921769,25.25742694278717,18.94405717419237
7.880784231339044,25.366169517995125,18.70564757636139
9.309342970593807,23.630085552420006,16.18274136760307
9.285399750889898,23.53283032914585,16.122815755874477
9.668761588381074,23.027983493069204,15.43328685401662
10.384668954020839,23.145096765521366,15.885403271041117
10.499849353856122,24.002675014448226,18.676520827555738
10.369792288280657,23.053135736486553,18.595061981150693
10.695783382872548,22.980177328760544,18.593465003316513
11.100800090166924,23.074323409302835,18.539381528346055
11.250382546866316,24.340059717709355,18.281944800982107
8.425155966602286,22.802648360797793,18.428237664797795
8.825694707503201,23.569221270035033,18.891464256004962
9.151495322435057,23.58893181191266,18.745568851037138
8.342332528919885,23.116254752235974,18.25911113392361
8.399610781862762,23.105618470068045,18.253111349558047
9.276889041821308,24.189440936731174,18.473059782211585
8.321120770312945,24.471466728464573,17.132255343539835
8.509455518409656,24.701232752980204,17.72786367647941
8.25646091403194,24.499619918820464,17.988987857450983
8.181459007200719,24.300802856337167,17.855086965954094
9.823026230647649,22.921935037393574,15.212753118983128
7.810397951982827,23.820944242982744,18.06479251346893
12.243396758722444,23.080891801016843,17.964488475053294
10.901711570654918,22.140629440969054,18.558149831769256
10.637696395405046,22.28741195189135,17.861704915772577
11.452556165511071,22.37855478665691,18.901473756606794
10.962050260515127,22.579938926399397,17.934816159739096
11.443485212197503,22.637776883503605,18.139030674895107
8.615925682019958,23.435910003598515,18.136359784275065
8.141431625690103,23.058014988979757,18.45292286930414
7.785868645590984,22.941878769943578,18.016218555447495
8.19538751900385,23.43941959759845,17.604132163681445
8.12390371122299,23.553074132499958,18.165271134011935
7.922683829754094,23.647145056959417,17.79460626964062
7.894859886165424,22.896763136517976,17.57221614467163
7.746079765429469,22.614102326365153,17.484850559689196
8.266929211723928,22.648548190025014,18.77167410166828
9.501287614694235,22.875800602223887,15.618467014092879
7.763871946136065,21.55942176270006,18.071036387864048
7.750422052981735,21.61684733243208,18.242912959568113
10.431064384703332,22.51064708618937,15.434784835541802
11.796527524400382,21.655977889230797,19.19914255764541
11.770020948618331,21.292909794319865,18.643235231635465
11.63739310685993,21.01749811885698,17.642775442473592
11.776637346950153,20.858831497196828,18.934780385594507
11.059145895033375,22.12539349034106,16.031370100784688
7.838085310212916,22.37743078784894,18.806123696995577
9.82781992209207,22.740570520409783,15.804309531605675
9.863818067564033,23.13047221452615,19.178066391290642
9.631109255960958,22.844085018457054,15.657021215946674
9.781076010482078,22.89028762474357,15.612341248427658
9.876721586928117,22.911188935663052,15.252765289307524
9.702210823967098,22.695716749849886,15.423647787783196
7.793379637293201,21.01895462704735,19.069571691753957
7.743014883361829,22.022384759153404,18.29235850336466
7.914796929036413,22.034522429304985,18.249282474035272
7.981123545096974,21.959172229520945,18.19213272937449
7.604220578630341,21.532029922493273,17.988749490664688
11.690829962911144,20.209943136540968,18.226590576784492
12.334494185028614,20.41456459566155,17.452937287725643
13.282876825715721,21.179402531390647,17.587704365020926
12.8286663415706,21.34049181842392,17.575367156761487
11.676239335807171,20.16043561405737,18.230604974294916
12.636999410389326,20.333692486212087,18.540924178960367
9.674845023797262,22.32262619011646,15.791062250298497
9.16058119373792,20.50187385012091,19.371994977493674
9.2118997762141,21.246929582217405,18.265281779814874
9.41940316757248,21.63966812335033,17.582060738623795
8.876566527180726,20.192826885488927,19.078626242553238
9.421177123364584,20.95398301041986,18.550291618458616
8.22632537002523,20.40083908897103,17.98309144817556
7.868524983384957,19.297080707245723,18.535765754184684
8.424175035483271,20.442280135088183,18.26160856963643
7.997022063215869,19.143426221864903,18.68664921038298
8.258153182100612,19.410084635847536,18.725874017590073
8.354018678813723,20.463125539674195,17.980126615107885
11.674702530980596,19.955598491025153,17.560969922568393
10.374599197186035,22.443253892786785,15.286116668405146
10.140546475936999,21.885846365726938,15.767392886199351
10.964874454479897,19.803279036754045,18.984513218649038
11.103132247908315,20.806406248662913,18.65319203220654
11.167463009357487,20.30665906832633,18.741681160920834
8.891770030502173,18.63046914240894,18.918923031998148
9.129184905181312,19.578632252349138,18.04696689357887
9.116256363240641,19.150265421019427,17.96573854007572
8.856834615617196,18.160472026350064,18.778868251247474
9.226435951259978,19.156102713165602,17.617481264381652
8.449848619004154,18.228268149944768,18.92784513042431
9.02338688248792,19.870070325048108,17.6005525555493
9.185966620905418,20.432784227031316,17.698689269681303
8.809443770123902,19.061087432249714,19.120717692826958
9.034907756257555,20.28833269228323,18.522659303605522
9.216295662859864,19.02900986019172,18.061142025744253
9.182869435191494,18.999758671252557,18.77821277792398
10.303822696649894,21.121176551396374,18.85944407374954
10.477029938685254,18.93644646889106,20.026855726948945
10.092184776833887,19.72097182221416,19.592674706074845
10.222621099062087,19.52777766680413,19.609557025594757
9.678844004381121,19.41520523456361,20.09357130178396
10.279704187884292,18.92568337027718,19.467799606083567
13.217841764987824,19.66621151770132,18.641483678312106
13.164431107653886,19.90306756223272,17.86102799087116
12.901791272808738,19.612142797097306,19.13612498399165
13.250501136782166,20.028111828308823,17.980290053298955
12.990372757586295,19.747879317990915,19.09486165677452
12.700062903443818,19.813441378974012,17.73072689979211
15.349046936355847,21.185571036176377,17.51625427719548
15.07963647691669,21.55413083881352,18.065634423316848
15.541419789070787,21.98095893233754,17.637273853575984
15.299232129570344,21.916435092057753,17.66874149453782
15.181652618013802,22.132765041043232,17.952816553326752
14.633692725280326,21.68913390091568,18.14145976566607
10.662748138353999,19.717823483833207,19.18198175813269
9.940801588785236,20.32581244569863,21.5445329209316
10.01303897838017,19.396070661054512,20.753857091895227
10.073866327204106,19.97607268864821,19.755040512986156
9.72130946871935,19.44748895354692,20.420808615988726
10.293353813312565,20.72786455728953,20.222979707952586
12.312673808516967,20.782492802339803,19.06133028698575
12.210303273403728,19.698623628134076,19.580338786428054
12.232259980440459,19.454394397947603,19.250097567207128
11.857783482671188,19.129615013324123,19.218817072855476
11.19234827120872,19.21015473769853,18.68833396927915
11.68593702470607,19.018955061125563,18.970797231756233
15.113127119264108,21.639216743366877,18.13540266322548
14.975066516343393,21.833120550398977,18.58466953614276
14.416699387604858,21.97415056527515,19.192804120094987
14.9073085851537,22.432903611695018,18.552197064203995
15.283148540194912,22.301511595510807,18.221815224016247
15.293671411387418,20.94583564938446,18.396228369521765
9.966254669809794,22.078917577238915,18.687617729573308
10.454717234868044,22.524654462881607,18.705381720522468
10.308476895811934,21.61037433755101,20.356313737911385
10.449583020841853,20.999963491490334,19.305445664966147
10.1693683541333,22.662064790990456,19.059457235370633
10.101304493800694,22.291285251878644,18.45935785957694
12.180214482504812,20.607352670288538,19.78484370330273
12.68631528066129,21.064220852117174,19.803367853550466
12.684985091316959,20.890443937719915,19.059950995911404
12.333293007402462,21.483454418226163,18.329353797510837
11.467657709323706,20.4895334566545,18.312250472261006
11.625444651264816,20.097162386501658,18.817714708086633
14.538392761541978,21.682699968865336,18.8869010469786
14.662923881563765,21.15859725869428,18.505479634690925
14.612094686721756,22.58821694131183,18.118793063350452
15.234527082121978,21.072405315048588,18.4702695182215
14.825051656249954,22.802557338008967,18.3989249687384
15.098510166026823,21.89127547948295,17.90309517142128
11.074127604038578,24.03476470267929,20.43657185476293
10.795723775964236,24.227567394821723,20.586760098486327
11.523281650291953,24.414574421965128,19.777965128620835
11.277522701818611,23.37653833283205,20.367689212597963
10.995605610043338,24.458883354156846,20.559266734893168
11.54513579960422,24.881430167078697,19.454173630732598
11.668843141429909,22.130895836430938,17.090566290981705
12.818355697318028,22.209234194677357,17.518827224921477
11.42476547075844,22.614061678159977,18.83759433732625
11.659589066836016,22.439028273696437,17.190814882937612
12.336670198533202,22.503335054760488,17.294111477216305
11.88783299641836,22.495226836581054,18.513062086847377
14.223449488018993,22.156461562177867,18.76374523052857
13.827981981640315,22.443389715953412,17.589289782110278
15.64032300928568,23.514769714376364,16.85546014843995
15.217205749397898,23.274974306849714,18.056615822022437
14.370974874118042,22.214301093062016,19.03538243837578
15.552563501580442,23.095577705808562,17.511326685418524
9.844081934603423,24.590049783874555,18.94772365436487
9.91039726364416,24.424835663980147,19.82904258385629
10.835067344203324,23.532953045077118,20.41039887232293
10.923561525149454,24.523437728951414,20.058398660799647
10.665189835102238,24.632354288505738,19.396256784096867
10.94466451506491,24.98521469309904,19.265041736837375
12.33170790146071,23.721522591032592,18.78232402106211
12.442172625371304,22.893307126242384,18.304668598099926
12.757066696311508,23.459370505854594,17.819040243689262
11.10139043246152,22.591232511499836,19.105330792645205
11.825834228905336,22.80874548215331,18.197490952394578
11.90936590376952,22.131968496708264,18.708635662104662
14.990724602140558,23.9411858340014,17.460915294588425
15.081727699001092,23.518187967808228,17.742953665720954
13.933923992325024,23.35942908170481,18.075473742703352
14.588680322400002,23.8437006469482,17.880804303854802
14.588680322400002,23.8437006469482,17.880804303854802
14.588680322400002,23.8437006469482,17.880804303854802
10.848507477159417,24.906908946359383,19.608124259748163
9.653933071325923,25.520150669067593,19.354399217957123
10.073170364035652,25.339248324744784,18.725012818437214
9.948203258673027,24.343579905644194,19.828684744170626
8.31486015079553,24.03181085372089,20.208959945255177
10.189826098678793,25.06561329079397,19.636124714924566
10.699056988393126,24.28290034242221,19.175781665523484
11.286972986800983,23.820391043416134,19.255778765749515
11.78412100248328,24.414344670560848,18.42453585280395
11.999108259241371,24.202436125166685,18.082567334693774
11.015774449245567,23.30144996569693,19.626083024465
11.167227164791134,24.121339864283573,18.325550974415602
14.397767758329456,24.91895041303083,17.493274579015733
14.125464196638552,24.2990923068559,18.573793857690987
14.629806427114174,24.574152968480398,17.949978467234082
13.665189187810615,24.64639196481674,18.480646762239566
13.60864250705048,23.265494758426183,18.307672250527514
12.871578037250503,23.848430938437374,18.38283576432055
8.991097926816321,26.88406095176383,19.207189261425825
9.150450345869222,27.481017198055422,20.075208564079894
9.624202084907997,27.051424608896248,20.138708044672953
8.91768778979899,25.87221361039802,19.522995664036912
9.387579896724842,27.053072085841368,18.9539376619457
9.086160288717794,26.100565506307188,19.590002960902623
9.739131815993616,26.591565528477304,18.894587747071157
9.475675808738439,25.712309781597245,18.970258185595256
10.217148629450522,26.568467915740783,18.39815739494929
10.49467292921874,26.36878497390488,18.337742218815656
9.760499324043991,26.21051589369649,18.887864435349535
10.578590035235043,26.96643555294773,18.41302023993258
14.089318726802883,25.308884858016988,18.165174522738255
13.702345764611813,25.71695468807951,18.040832126414582
14.522131493000334,26.072886741013253,17.9708665078169
15.198437563806428,25.266277566691528,17.628401967208326
14.910125911185848,25.872545196046243,17.737083833242586
14.794808573897376,25.491678441365806,18.684998342819487
7.882607045116531,27.48606027030533,19.08626747511955
8.960812438188835,27.670121479733794,18.8868343244666
9.119641922144812,27.1765407684663,19.07921801945102
9.308505183804531,27.90880098258488,18.78304193893343
8.387240660031212,27.60549704841516,19.41948467185675
8.842399172954021,27.623214761026407,19.224177580532555
11.351605955039979,28.158232870919534,16.963753176522726
11.778506706765004,28.858447632692897,17.308363553726842
12.031218738081865,27.134592912041157,17.044577275563775
11.721622904343533,28.509351977716143,18.562029375237774
11.19752796436487,28.27187318287216,18.714348281048597
11.180857591186735,27.532105098467554,17.52940835113855
14.159168200989654,24.89303847735097,18.262177848042747
13.593167741224578,24.84916588766722,18.148181073221657
14.202537993989436,24.76769142313969,18.1987914445396
13.484227159285307,25.712324941156268,18.616463367039135
13.146187270016753,25.66398444798253,18.819375278178022
13.745822648032105,25.12679837456468,17.412782348564768
8.360770943374032,26.882257368635635,10.55082363626289
8.380951515347276,27.933393963520885,11.113350214224159
8.2576888360694,27.342069420878218,10.864364936631427
8.969149180136862,27.404538105604765,10.970635195414406
9.010614866291347,27.73433990517,10.515670580873955
8.89920517355178,27.562189843604642,10.478119078090462
7.37366921033947,25.375518306635584,10.054905051778245
7.735725522386035,24.4578038722583,10.792067798445437
7.4029182470340285,26.53618591355965,9.166053145188506
8.167191596384816,25.85059594397185,10.053511006677557
7.536858041044202,26.60643158641071,9.07464586417642
7.568010126660736,25.599539279123004,10.486460335562718
7.019911202499193,26.981196298377892,10.70040433856653
7.229576743909863,26.626133992359026,11.211597317340871
7.092581731349943,25.56628932348964,12.090352969173917
7.309993143637159,25.810756583816204,11.544559814384304
7.245510826804015,26.483531189452382,11.342788190621718
7.092257883643779,26.54910129640253,11.481974626984998
8.994062179805391,25.574963660602172,11.01754455182109
9.058335745347588,25.451890245455093,11.129462797313433
9.317796153399446,26.173504514807572,10.6554829959607
9.337977361809298,26.311059965922272,11.025525223249337
9.444410417587562,25.621249094697,11.184943783524696
9.705779153432045,26.566003130074538,11.614628769309652
7.9586849697419755,24.69867966942525,10.654549491089746
8.57769697860367,24.74815921825168,11.733903695809872
9.292479483960197,23.819699669852664,13.500799335216405
7.3569296630551655,26.351782212504162,8.936960086647673
7.500732755911873,25.227698959249455,9.960586009138343
7.966517206799342,26.016920555259272,10.562459283111647
7.094384712110869,27.841069044689533,10.591914459711571
7.019878370057212,27.077725531146893,10.997732251954522
7.021553047185439,27.315366140755167,11.726824416248123
7.018391938981493,26.994047001085345,11.268362148999067
7.147051821834636,26.968730828112804,12.079316426059467
6.862578846230301,26.626085147075905,11.555237949079656
9.174172908736994,24.541068806230946,10.707603572390674
9.166293408428803,24.291966880791545,10.335975217964354
8.495063440270236,24.49478081793716,10.465776841107775
9.096363713616292,24.030083357362955,10.819316395313773
8.63258660495773,24.803674321725516,11.011344170572487
8.39697136211316,24.13652463365023,11.22000590216278
7.939231222583112,24.925763976766365,9.641349485784975
7.700779051345084,24.8180128213499,9.71225242849448
7.825173973436772,24.472703503696067,10.245602079249839
8.000213101275603,25.65598330862943,9.876575605209645
8.053372092733797,24.95540761565227,10.671082121491036
7.983603478289441,25.244554848445077,10.7586334278697
7.06019230909062,26.365560560252053,12.017530079216577
6.979728703635875,25.355752685461965,11.979587346950433
7.060855150691383,25.82540596171139,11.419794166388773
7.000097126538199,25.527327978131463,11.314087218454613
7.06792512390653,25.485862650457,11.209995510252467
7.088409563835015,24.699807427917055,11.730402464139871
8.883621739284179,23.27371242502242,10.744439271665826
9.327787774672453,22.88168669676483,10.783670031131448
8.69314954431194,22.869111477565205,11.108515463874102
10.03383107247243,23.180164164860823,10.600050741659803
9.612129476988144,22.261827246656193,10.91678282950119
9.524750671474713,23.3369960558661,11.540318723554329
9.815715459541932,22.943456358320333,14.164458003709823
7.86155891085412,23.23493341519304,10.453446822937257
7.8761758912154995,23.064936290570405,10.073665862789337
7.588038759753143,23.317335116284898,10.48813193356948
7.8335594709664695,23.19552155211418,10.08745307164802
7.836066466673904,23.140427483586794,10.72158132811087
7.030136063847197,24.196846442860913,11.587048527922663
7.064244235235972,24.3065596255276,12.101909817313807
7.11671517556979,24.86903884465851,11.735684555206062
7.264522370932357,24.984403749362468,11.890208384739896
7.158576292140715,24.892652267867298,12.318731822934295
7.131608788483374,24.269388765276293,11.74793003449335
9.403808168238422,22.620916296591005,11.402470278532324
8.800000248062648,22.4571964087645,11.4543921817333
8.955709330468569,22.321747141415184,11.763576335663
8.469417056048032,22.148722241882066,11.901381965046937
8.95363725624834,22.246230560566897,11.36259267658515
8.5916033248805,21.910517730670907,11.440849786193361
7.989879645387327,22.096291698310615,10.655371102090442
7.99214850725722,22.159541891127645,10.470555467741987
8.125642908000291,21.641573696976288,10.637325490937926
8.057197239727593,21.37758331701571,10.424438932035686
7.890659210831267,21.178815856931433,10.397941459909108
8.180542932743744,21.71539624124831,10.41315203193512
7.259913082515422,23.197506113218,11.934950657008024
9.884453623427927,22.967850510589667,14.482945179931267
9.628278248954217,23.03731914311632,14.242333394846776
6.956853659824455,23.608904153262646,11.73535839711511
7.047199828743924,23.262775904383766,11.46844514275319
7.027634700227648,23.498163386538955,11.279246244809208
9.286020867578259,19.1831076386652,10.906043765954667
8.905805844768247,19.386857913913943,10.79506185971068
9.339627952881727,19.137771110986694,11.18348795712917
8.8646500684018,19.40566796829788,10.469821711723945
9.617059527201034,20.168124702353715,11.211064055385094
8.638662135242585,20.001508948986796,10.673108229741707
8.561622835388624,22.11766838354118,10.647688012484103
8.429665444735749,20.432594346783272,10.412308567667232
8.275781062286491,21.028611071924466,10.304099398711816
8.428004253536072,20.766271382296203,10.654291313357401
8.232510561694834,21.759677250915352,10.257562677236177
8.438113333013428,20.94635981868665,10.5108397469933
7.746801596485531,21.327342585460052,11.811178467422279
7.9104338546379696,22.002230616189955,11.438889821502393
7.649354604884184,22.77297386714572,11.705146677572223
7.87627241295543,21.628899938707512,10.826369010648293
7.1439103942856885,22.768381039198403,11.291495209011215
9.672013871219892,22.773998767213712,14.1339235730217
8.704141305010001,18.97877820810303,10.994956190940703
9.138894980945599,17.869704652800543,10.157531659529544
9.369336896325583,18.849420094888735,10.703616855374907
8.738599608743824,18.700175372509808,10.369801808779588
9.578730948995188,18.930399101501813,10.72728642473756
9.191085867438325,19.010344424363254,10.786118348817102
9.696787810910267,21.75187374715744,12.901410624480992
8.773860782174715,19.409917682826002,9.634759012233314
8.90001041091182,20.22256657355849,10.17003072315617
8.60729169818687,19.05928541686778,10.134118047589986
8.715578187961675,20.554677092576256,10.301183166422133
8.856637451196052,19.386622231054403,10.593111116680259
8.24081631132111,18.75985265633182,11.686038665220607
8.945992425379446,20.209869556871165,12.094109047707772
8.455468824601136,20.520467907129497,12.91337467088178
8.782375573173185,20.160800815190353,12.308243034876512
8.594899418538176,20.799134209074328,11.899400110809909
8.39344454325017,20.018580299688896,11.481398342958382
9.61746184369497,17.379788545193247,10.301111704902679
9.629687994257049,17.101483700311878,10.80554129819548
9.708912139057919,16.752860271164547,10.8497150630695
9.634859262452856,16.691362080224348,10.76101730986226
9.689642244252951,17.075803990232764,10.606027045674352
10.158899890808371,17.592264943570235,11.167266671351076
8.634718631898583,18.686593057652182,10.411032783691951
9.120654285532908,17.491276618735345,8.889432424198624
9.205031090227356,17.00247557451921,10.583780458004487
8.957213623637166,16.915077503988076,9.571384209681522
8.85871630491351,17.08854417572941,9.530707265801853
8.791577491093072,17.602380648607852,10.623128965948409
9.252885738035884,16.72940285653609,11.647275940699878
8.34843981951749,17.69330071383318,10.150641970088385
8.62121515113819,17.158445244114922,11.185103706333503
8.035730245402101,17.32535026606385,11.06525189902624
8.601954705933816,18.40399977056586,11.612751767569636
8.752363138266347,17.51027011743928,11.345671190555414
9.05519212718663,16.939087899447948,12.43229038793566
9.270466735973248,17.370252386070472,11.622964150397843
8.668364649188117,18.205929668969954,11.232265957389544
8.56649433968714,18.202257332201164,10.853474854730937
8.799464384896664,17.646659426544133,11.580578813853034
9.023528127982287,16.896714523652484,11.965021554805928
9.75931844586074,16.43675610955349,9.52060836037622
9.318555884550664,15.043800777613068,10.543097685538287
9.55699848668683,15.460633831539358,11.913312952270957
9.415196459922997,15.992413443583425,11.15260843748295
9.17395458298103,14.981567347222736,10.686209613756018
9.310084741141186,15.71737348845664,11.30897240943986
12.143577428416275,18.526017377905184,12.265974675786934
12.05051398740111,17.413576770289684,11.513332135510195
11.971249098115976,17.871976826514153,11.929249902862395
11.649978216680688,17.56527828350768,12.414023665084382
11.920716233825363,17.908593635304342,11.590094016911575
10.580506203668225,17.16705061602309,12.057000091031849
8.314769374807545,20.62345075161152,11.52329558866511
8.46957703360142,19.209473523380936,12.143564138930776
8.552408816555609,19.40109512391068,11.86779042366698
9.037198289942737,19.418006435178174,11.387823289274872
8.915175115803848,19.2524633743425,11.582316250235712
8.99132440264791,19.069188468000156,10.997370565720072
8.643222162972824,19.598053076531652,11.809065565451368
9.851035473232098,18.73766232125904,10.395471150214334
10.200833462446992,19.499411841778848,11.113370957991265
9.504358809791142,19.398170312522623,11.262321464941293
9.694666412765711,19.750800294123174,10.001038689844961
9.435331372114874,19.37051226327981,11.236506868561197
11.344857208298704,19.284465217559177,11.123594870947418
11.710043540091679,18.58961735697379,11.91756865365695
11.60084955880489,18.387022155507722,11.467313403729117
11.768661317250492,19.058615023010667,11.377428450164
10.964720865251543,18.142344776582505,11.564128736166548
11.55765599836107,18.14121504315251,11.241814682934152
8.323404030215837,21.676886379965318,11.037632560919867
8.276254853925485,20.990323791955248,10.549562443760868
8.48316812195976,21.753081239831516,10.54009141960349
8.403730612560185,21.988405595187544,10.595898919379747
8.625383685837331,22.569042250902733,10.894627230359381
8.567462829459147,21.405405287816567,10.842721481196167
9.299259251930483,19.378140422281554,11.99609387387359
9.26351895405772,20.841168397151414,11.269557800816347
9.97022715990338,22.229792428128217,13.852233699859855
9.578497391738951,20.699200483789966,11.981083253023314
9.78789158216374,19.985600441010654,11.794097724497728
9.447880646332527,20.012370487427788,11.377910048306779
12.894054281754379,19.061700304604173,12.533531121984774
11.96577861621611,19.179835150537095,12.155453407719662
13.08522456882432,20.23520038729169,12.770022943156466
13.243504760932677,20.27629471174327,11.847811989312092
11.971310917053792,19.542198814940647,11.429566305665858
12.571707338678515,18.98075032010031,11.26940608765964
8.039507569183018,22.093545047516532,10.94297644611153
8.460124237119981,21.658723451253508,11.083341703679476
7.773148544758084,22.372215583471984,10.685227421474295
8.129630045044266,22.115549825869977,10.794791636379479
8.154831741227458,22.047911061115826,11.699898464828543
7.692790844486574,21.863792945555556,11.041901503635605
10.34569886782447,21.85311500065947,11.48467814192001
9.45766264841687,21.893370367037917,11.269956875882741
9.870727827169299,21.809693318339853,11.253678722246562
10.392426812257511,21.228021708718344,11.327780553399085
9.570093745828459,21.797094174373935,11.205306552905995
10.05371962843474,22.179234739498376,11.095756569823298
12.770303960904803,21.26511601599751,12.168766946004922
12.440281092055367,21.17173762906892,12.402420479789862
13.493522397268109,21.788698542845367,12.776527341213926
13.2983861009741,21.189282538027246,12.681230182702125
13.262746697722527,21.66463671950069,12.449059815419695
13.311228664554939,21.415777535684228,12.885917976264636
8.23723485540024,23.116019280579383,12.019813580870261
8.519838215896044,24.0496186988471,12.475599170673117
9.104900360932017,23.348158071495103,12.254387916722909
8.861821136583902,23.834672642054358,12.005415724489207
9.109977013686548,24.073804546655143,11.962037592330216
9.327346489617769,23.60103130264767,12.024983877926726
9.560474894350875,23.33435408999071,11.730387741181373
11.599600020953135,24.436986395593276,10.889890775030995
10.591736291894705,23.426629635370436,11.075485750753787
10.991288201266423,23.94924138952409,11.17667220218081
10.653170928682194,24.2499478135699,11.393369711040682
10.705120049824355,24.82798170483554,11.327706011470367
13.634556798072804,23.184149772049082,13.7664511078801
13.598469642894472,23.537000966973157,13.426788192828221
13.51977410548178,23.21111797926002,13.726618380987933
13.515114091404602,23.487765459953057,13.590305644181496
13.031599246780772,23.747190001953356,15.194984187216097
13.018626933386024,23.70144286613708,13.985645051025587
9.12584796314019,25.89062407013994,11.720383787449208
8.550551517235629,26.060217479578128,12.298307907074188
9.44109060408229,25.59573237627799,11.20060989078053
9.308001002026433,24.90901679017096,12.284979377728686
9.377860533375195,25.230230742663043,11.424768715773276
9.379490224798966,25.757093457847724,11.019365195659613
9.654671583754967,24.630263190840495,11.396481914105983
10.663793586448918,25.124340186035788,11.198211757449265
10.030959913112886,25.047862153397418,11.029512070790382
9.912835313537798,25.176959093430963,11.367944170808007
10.170117519779232,25.161277029463704,11.303848191851237
10.42857638129692,24.691917534960492,12.249836744260392
11.953676367184189,23.71931935096007,12.922542558873491
12.450486193922758,25.230055479843642,13.822456198688998
12.300089865270166,24.980967967378763,13.673710450620364
11.267447575367036,25.632204050360137,13.343634225510826
12.377740275452995,25.596718487051977,12.454075254488773
12.363242309295286,25.411738086421554,12.527109096685386
7.727771558045273,27.825861181432238,10.614039246045197
7.84546433161467,27.83768378229284,10.635448978571944
8.025247138961955,27.557120381297175,10.39481697358698
7.867819140801331,27.65654502330147,10.706751472139239
7.983599226389227,27.997623118682974,11.085443820007782
7.68889277442056,27.20309637126574,10.92244944376878
9.71932040334339,28.146653593697444,11.122262812770167
9.997979610121943,28.444311016689774,11.830376211622678
9.43124242159299,26.02455850035403,12.828683549307732
9.22491970911664,28.33215814798487,12.20565744938763
9.585931757259994,28.043886851490193,12.512639489793896
8.937074067234011,27.59069141640722,12.592325718826876
12.184089238057604,27.421324001874346,12.134886084736683
11.801888165022959,26.37997148345568,12.077901948493391
12.734700341605386,27.85757203917097,12.407334931867323
11.134039718280505,27.041031909680004,12.773474192055197
12.013936879512606,26.968422177490307,12.691999636963697
13.083440099643639,28.111387845750194,13.00608883763412
7.842120030802601,27.275345012210167,10.355333582094516
8.049567733690324,28.66710770148001,9.679399168502588
7.667160810384308,29.34599560570816,10.305605089764875
7.607747395994896,28.712226714790237,10.470259616723066
8.014019055182093,29.115878898236602,10.221435152331257
8.265390066084281,29.193534566766353,10.177957959687532
10.251304934589832,29.108441551937776,11.268327464009788
9.349851156742732,28.24922415692121,10.561567653912912
9.220830577339974,28.91386979419831,10.529137447215078
9.39430764860565,27.798856668842628,12.007068456391004
9.268634472426191,28.40061581536961,9.700201922817701
9.093055203447964,28.459957632442382,10.971747531139918
13.080219801391959,27.17196618978876,13.603390430882538
13.193525604208931,28.28856392505668,14.875684070130346
13.083091804796148,28.180942420889203,12.806425117161185
13.106044846534653,28.23573088953012,12.974181981371332
13.368235936613658,28.254384380873617,12.36947825848186
11.911367500903685,27.273505656358484,13.553615038871179
8.638352139471538,27.121780001752967,18.694906492215623
8.976488612102756,26.992557263311998,19.526655503873663
9.222027431340175,26.528202699859836,19.055026300165835
8.181219207712266,26.678787416392215,18.874128788883638
9.230470273912024,26.308208579984026,19.52735714862077
8.166834089799119,26.42777630792944,18.986133470292028
7.6887832798991225,27.933514317939732,20.40543578791484
7.6869099248222295,28.177984158678772,19.79757184496694
7.700314368715098,26.829270254448975,18.817924419855846
7.672926999678641,27.634561181447353,19.95053156585681
7.745155041519832,27.739400039948972,19.937639945475823
7.696420286809248,26.281074515883333,19.511577538548572
7.7728545465161485,26.678710790371564,17.78771932157958
7.832920442225047,26.81989028831567,17.66305895040149
7.928577339168896,27.083479618942725,17.976037676769675
7.998609888245424,27.20882425052583,17.874115422769076
7.839291438449514,27.4642904729134,19.00887077027067
7.863627739551633,27.550753801494036,17.870796057030493
8.161996440488592,25.527100039674387,18.99549539896944
9.089171011090823,26.80260782927449,19.223383351571172
9.824908696572999,26.127968740002895,18.257898060412902
9.378494955406095,26.024510801452834,18.11564168560516
8.611110631068465,26.429257095821832,18.50277619319341
9.052578849834283,25.688670240254403,17.749317162105093
7.647803311671362,25.2483032553118,20.030904837247398
7.620180363805277,25.55929515450496,19.511102207590284
7.596315673229974,25.41549295450305,19.659695122729953
7.608518346588838,25.175270381646342,19.461725258507975
9.58794767176036,23.30423703825978,15.702701724870638
7.918426173947655,25.569805396616268,19.609777676033133
7.875330217798282,26.093439604432636,18.32101279986311
9.622705531436404,23.628937564400236,15.414036295029785
9.496082543557334,23.812867395194576,15.676257423748087
7.817736095520543,26.147417943150163,18.43961400728158
7.889733503508981,26.460242372950173,18.40508370477859
9.836922786690748,23.25758931469951,15.184676937714896
8.69537979063805,23.52783818632511,19.393816336476718
8.521253986109546,23.570961859700677,18.438202534196584
8.926423112185422,24.90495458787985,18.406234195730573
8.793123538316177,23.581280365452645,18.47895611866133
9.367548983277711,23.915747887493595,18.53692393125719
8.631626820666904,23.29325170602311,18.766801632598295
9.595913458949147,23.408370825204344,15.736510678167464
8.27050982754294,23.52218306907312,19.52124506840526
8.354990972260838,24.350545016227134,18.73277726337315
8.471187122327851,24.08066340154087,19.18098410011608
7.685768975019224,24.774056236671942,18.941569480012856
9.700908853993413,23.319915003342956,15.543180084626423
7.754100486162455,25.462033229666783,18.647859032758944
7.7629533259008205,24.63053484116886,18.21111557643735
7.71641159659998,25.599020906206334,19.123423257140555
7.7418232703559,24.590974850046376,18.617655309191566
7.682863182681462,24.376632717891823,18.63980700544953
7.729160840493303,24.291900565451964,18.552921356742672
8.884364699112666,22.52118248851225,19.32231399641973
9.494696240624478,22.55306380595017,19.403435549266657
8.867232863742402,22.817311602282867,19.332829589669416
9.471742741804924,23.237323978268346,20.233078355761954
9.574900389225308,22.63684468387236,19.35219066186842
9.585806816793156,23.252455721293313,19.809370687023915
8.152337904378705,23.690640362287493,20.500604824435598
7.812819010737947,23.741181071113605,20.143847130816845
8.043459558536638,23.834746941866047,19.80771907492268
8.119653804142319,24.225736285499778,20.21445298052208
7.804678536953298,24.9344815523461,20.090605961335413
7.9753904632518715,22.936779139934174,19.344162345200463
8.462558500048933,23.819189755267743,17.95429132871569
8.08474684998658,23.46445118831062,17.857467976210305
8.072213612386747,24.1324637811582,17.85099238127937
8.165349490517801,24.164183275120386,17.32553620162047
9.647369365444446,22.875716107060466,15.355762457725026
7.930017536087602,23.620143476873395,17.932455794074258
9.99034579080594,23.587276144776396,18.90465669369128
9.337312466351973,22.763616963989975,19.845339965533928
9.799972926833423,22.844677338216204,19.576609479191188
10.083254005927026,23.407061229311875,18.47637685273153
9.931935379190458,23.755154635805916,18.70580563842094
10.071451063125926,23.562678152788852,18.929607548668784
8.48868982309851,23.380827819828063,19.640052037336467
7.968708994251529,22.996320579475547,19.581665518400094
8.133521455643427,23.831759266706303,19.474899990326982
8.37187630052108,23.772553610664982,19.264393227978502
7.966807217777395,22.736761715157268,19.815161222482395
8.06906158505814,23.528755649288893,19.02480766550344
9.76435461475488,22.925545286715284,15.139680255791992
10.01794461995924,22.88373890023503,14.767572752228874
9.927446065955278,22.84972521441892,14.853085875060064
9.979189355193183,22.898258721982323,14.855448781289361
9.785854124561762,22.850017155556262,15.104709014764117
10.082895961222812,22.89391579940772,14.694792460573563
9.731667542343077,20.932506606936954,18.739318578581475
9.628450082032556,22.316957795520874,18.24039469055277
9.686803892890948,21.72556105163542,19.404783237396824
9.660544306666226,22.267684820046554,18.268047907598323
10.102896082256136,21.30968947218212,19.802886276441285
10.417784049396966,22.44743329543272,19.275155114539835
8.92761768664569,23.596931458357986,19.113760073295524
8.636919480267952,22.77278835702954,19.864183079232706
8.591835093659652,22.99805922822085,20.499699803933705
8.567899157230821,23.084364053756726,19.199873923624263
9.340447422586625,22.878939430194354,17.116905506784946
9.969114876407804,22.992960266837684,15.215657379917262
8.578254622117862,21.4316718174158,19.185332315938275
7.904308141040688,22.707198655216615,18.27893014021069
8.612331463807317,21.91289697688628,18.953654907977366
9.92142855636288,22.81766128876014,14.992965293370517
7.926030486108267,21.41464242613688,18.697266681620416
8.3869359009938,22.107741476283294,18.04444194146428
10.072774583077694,21.467014443512976,19.563945935560714
10.515859430555823,20.8039163673309,20.22793174912311
10.67088245332939,21.951131718889414,19.087271826480457
10.411106841768369,20.892031956929316,19.141916241704813
9.995576960181218,22.23762725850898,15.533082172159048
9.635521169592668,19.794160100005353,18.682046100884126
7.7308022428090375,21.86770768088159,18.37195650435813
8.833885614685816,22.464517270411232,19.049175296811647
8.349137651685629,21.83749971369776,18.59783185600697
8.530135137415472,21.924952268946434,18.97568134815637
8.35811811193476,21.963991109572735,19.27455973166169
8.734951975198577,21.854088043923014,18.842856801079698
8.731053918062447,22.09686972050407,18.490496326525495
9.242812156389872,22.201413319874046,18.208412139073737
8.8847005140854,21.273207311253323,18.749689135289213
8.726506217127003,20.665497946109944,18.50242486683456
8.594179706536307,21.715801558392947,18.519266708064375
8.779142015366896,20.571215462375378,18.73165810636516
9.543487105047014,19.51009139954804,19.46493702948993
9.57065123927012,20.002380280979274,19.66906002568611
10.07660976404872,18.802157349281163,18.951907155481166
9.783215230788143,20.226643679836315,18.68708866171275
9.69787870423868,20.26513907070545,18.810501469682446
9.506839523661714,18.71098383891787,18.919264970604704
8.681721067559243,19.07045037609655,19.856836184671582
9.231855631571406,20.074594903773907,19.362016600039286
9.248707178841647,19.038502342171725,19.998992428340294
8.98959464092884,18.943537704360118,20.147108383175375
8.947062663304514,20.047896322588926,18.70340051526989
8.95090864116054,20.23974949575371,18.648069947535664
10.056722444605725,21.64095812397864,18.1632427498919
10.10567067621483,21.04927114258013,18.35683106638664
9.776203222429164,21.006811481516188,17.33213428139053
9.459122597590703,20.609622963584233,17.581043749179756
9.801333823974817,21.17581902412512,17.873028905227564
10.058131708506826,21.042384785503966,18.155804261663462
10.912998939456703,19.80954075526997,17.41591247113415
10.225357158448247,18.662519508151323,17.68938032697546
10.532236597299752,18.149609195873587,17.678257644378156
10.467169130148806,18.411398246810226,17.065872399443087
11.68580380893984,20.03679175568847,18.031897157063046
10.3456905439841,18.83605559098878,17.81479815112141
11.23770311539883,18.807973165786468,19.618977353098067
11.404090992141844,18.538514317305143,19.998878050564244
10.407014136553169,18.17578857418295,20.22166650449885
11.77848015982965,19.57820438921415,18.806035772365675
10.69134208601288,17.89893869526815,19.570438431754994
11.120260839867862,18.818769519039492,20.1452427508161
11.856156143049827,20.311974282095672,18.23835629057711
13.12352979231382,20.065651877270653,18.361500222256282
13.515905488384536,20.904124673783162,17.120337990441033
13.574918399236433,20.591729830398897,17.47118225882951
13.474232519404318,20.790929217690028,17.824640551354484
13.272301483099744,20.347911972606006,17.643842004019024
10.174011916757914,20.365264764550844,18.0597194183332
10.570125626702511,20.718005605784345,17.953478267004858
10.618953869107328,20.83214997259049,18.824395892563224
10.964808770580753,20.985334554261325,17.91733442877448
11.07825911464568,21.872603467886265,17.793095939112945
10.668408347173687,21.461644017658035,17.647580665683265
11.651637835524523,20.53458033276788,19.158452917147546
12.250917245288566,21.76871386894063,18.974480691840075
11.782402561395214,20.874052947183195,19.960886147735714
11.535499340026268,21.22560545808477,19.778475414172785
11.719161220825669,21.931536463425477,19.210366694743286
10.953572233779578,21.134941931859434,18.77600055812157
13.739034435202562,20.836887994168762,17.46483743790261
13.553672397344219,20.099646802251073,17.637950786071386
13.793598996595108,20.500979921577482,17.415106085974802
13.72592646173372,20.48894165397209,17.40814216780131
13.270749796967852,20.516204111008097,17.405892051833582
13.742844234215223,21.05213878270209,17.85803818133341
10.148238483227864,21.539597980857085,19.53011510349908
9.952354019916939,22.237858002904364,19.049748565576106
10.422700581211096,22.292833369234003,19.020359992183845
10.651864933535302,22.18528769549474,19.27159847661871
9.786604310905615,22.17600096288141,19.169392595764997
9.601921853134556,21.558241920237123,20.156519791237145
10.747965617944315,21.740057728300727,19.823487842622153
11.103558327526542,21.859652886066076,20.31845008629729
11.841045020857417,22.158642304944415,19.289448659264686
11.358986680072713,22.252516853052573,20.442747358884834
11.064671934019104,20.824266970556412,18.86438457274089
11.113519295846093,21.16202845721547,19.31898906845553
13.825653709921315,21.390771788255694,18.107674167498757
13.075326892205839,21.14278537262928,17.862852231389617
12.432496122965516,21.039912007349795,17.923456104599083
13.430215014564961,21.475133893867202,18.128315771908838
13.725698374071941,20.72556891532743,18.414126339092725
13.593406124517617,21.42863270452038,18.40730498437234
9.673224613628427,23.096303069307623,18.808606297563955
10.245326345486339,23.32904013137071,18.368368561624365
9.429021975132885,23.97137406722053,18.748960064167626
9.642966330375089,23.846867315921372,18.615099486276726
10.488495103772578,23.80573139078917,17.709738810296987
9.421299275663564,23.870056403924455,18.757152081194626
10.45350875830406,22.608724203343105,19.837266006927727
9.896438217250406,23.332332873408287,19.275887652265514
10.354916531097174,22.44256188537681,19.918745464516427
10.433039060684992,23.052127479071274,19.144833376232803
9.948127539948892,23.024746261217093,19.670624869794448
10.040707297383811,23.283059402211116,19.466327403857672
11.597551916442574,23.299509800320752,17.120270918734825
12.946262882583948,23.60047169905849,16.520222228134116
11.991022454492391,23.698420627749346,17.191420362681452
10.926284326880104,22.901148750406147,15.67776696877778
11.807540358159976,22.96215766363622,15.677467502664875
11.37557984101279,23.916356908980195,16.001283219563497
9.769388601225838,23.745018352008756,18.447810261520367
11.228645536040096,23.762075760573897,17.348259521415244
9.82131212887599,24.07655675711925,17.84126251585255
10.604670995871048,23.386856134468477,18.671746807898295
10.569470162048395,24.18217548905397,18.1246497544986
10.195021833302313,23.38256123079073,19.008624538430823
11.011308049834163,24.066261590122846,19.09416252540592
11.553057895367601,23.799751274755646,18.11570657560281
11.562141940032847,23.580760477163288,19.357707038862557
11.804243046766096,23.774254665584408,18.970395914859086
10.66730781042606,23.14503019476415,19.68300752214537
11.928751131850841,23.6975794957223,19.585796940168585
13.20328430039752,22.785359460825628,17.73223165180483
13.286266244411973,22.822371200453446,17.76497583913853
13.280426145546944,23.264749778276407,17.281951793346302
13.210720403603064,23.960203441225495,17.661062334728197
13.63170303727374,23.96375586257766,17.46396229669067
13.347903525926206,22.702956527250805,18.08738441345498
9.57659243394237,24.974703778354197,18.656348323166924
9.876498531949796,25.372617650999135,19.0875712642962
9.753889910517714,26.543661495218988,18.076319200394753
9.668313083872677,25.846963617381178,18.716035471827556
8.83069835312297,26.10560900620622,17.49782111440725
10.59374729729642,25.795945135081972,18.609685458570954
9.920839441752497,25.28839838479147,19.444431388686446
10.039135433835527,26.279505782279735,19.787580772549674
10.573375296207027,26.421906943623686,18.94807150728116
9.859779947286125,26.011103648369314,19.335780584057648
9.042526903968318,26.014609846654142,19.29482246437584
9.64447872791795,25.99091419455618,18.992884832587006
11.788087044364204,24.460749744407963,19.2800007151255
12.314518920987059,23.12329989424256,17.99268362682605
13.122094488345827,24.087144900868136,18.112713128509498
12.023937254002481,22.482979717570274,18.252724714307046
12.056514283088626,24.95098929779474,18.676739005703766
12.348442743263002,24.44706400479182,17.864987923494343
7.820558304980293,26.71952108135706,17.57193957288773
9.143353700763473,26.74225596805209,17.988321371894674
9.105948818261473,27.266634699601468,18.86547446521789
8.501250441186773,26.708530502970373,18.07108456188042
8.436857352183697,27.262958162365813,17.588405810248222
8.673959382373566,26.486284608022494,18.281024727421052
10.330379136613443,25.44301400634609,17.66951034282233
10.269650595300758,27.25186953430014,18.241869672411642
9.945170730749927,26.797121458691098,17.8511044751917
8.485530556247856,25.817133932346678,18.012863396041244
9.154743118501976,26.686915561728235,17.250504356174133
8.993095950799004,26.825110120776486,17.782937223311556
12.426735893696481,27.416713003996822,18.593468062769908
12.259059843396464,26.013216171383405,18.184389590681445
11.434561956177703,26.99792871081974,17.87364915251807
12.664932551631132,26.642579703277967,17.592337644246708
12.294576192327282,26.75191339189069,17.743769509594646
12.177755544003563,26.624010938806915,18.39852078472858
7.945794939053884,29.283445557400224,18.52733866836
7.87137335292463,28.995764086720335,19.15766335080575
8.522441888784897,29.208443058575487,18.92355180656412
8.5363220627988,27.49244792114659,18.2700539368607
8.568601112526702,29.14039906895569,18.941048818626534
7.813107898967054,28.572062104468806,19.423976345193108
9.099217840880602,27.647495781992887,19.823389585168886
8.92325079027077,27.355198743466524,18.122276557531364
9.288375609229629,27.140164456291892,18.28589241411205
9.19760925569208,27.756330700862442,18.176033951587346
9.356551411368125,27.6878583523999,18.611257562745525
9.295969010543804,27.642716838383443,17.919213364790217
12.444339580370048,27.645618424564546,17.235667525645784
11.930399218050901,26.04136017867305,17.265530347740263
12.495977070001317,27.146436088993816,18.25263580099582
11.502874820863587,27.429443335605836,17.28179013843519
11.852492901661163,27.29035099206949,18.344550831849997
11.178824660752507,26.04927324768825,17.850594314000332
10.12260531666862,27.515183174973863,11.879184282114696
11.715768845539579,26.721822311352653,10.220338014368558
10.414954550210759,26.257507790819876,10.648768332366188
11.048888133428324,26.280567423875034,9.434287147185657
10.515237316890156,25.564083557312877,9.639593478025025
11.144741801204008,26.340297532636196,10.095359399025643
10.614658327929765,27.707891902277908,9.888232468861588
10.509690505577124,27.159512502403523,9.375973737324454
9.84879953334494,27.368246052326892,9.915721981978834
9.577318049063459,27.64295077697156,9.558078645588447
8.910522959785734,27.61223309407413,9.588392382161775
9.188619925849132,28.25188226467115,9.395758842196757
11.2550208358221,24.996695343333066,11.238047908189115
11.369139519038939,26.001439851360544,10.772376560997294
11.210135365722271,26.012405768902745,10.912220585860279
10.64162668573956,26.008127085805327,10.886185318168362
9.947694036683199,26.166864973061546,10.72665273213999
10.622388392480007,25.91301735577824,10.894378728626856
8.40346565139211,26.032488539785824,9.723526891891705
9.428959299371606,26.27427857969194,10.265648532827536
9.564813439048008,26.441590428575868,10.340426518319221
8.535257254172826,26.56926772989343,10.251663414165822
8.279180921155298,26.563736281496617,9.972947726638623
9.512588138905267,26.855173591509946,10.987737680970188
11.504696270105518,23.66225057199776,10.353568485900752
10.377278154057645,23.31892402458959,11.021817111538844
10.25511572718465,24.017072834501384,10.33657664271375
10.958962644630686,24.170221154707342,10.561167264209512
9.960985624729426,23.35133067139709,11.067168947220324
10.263322408300736,24.04596099774347,10.852736605006664
11.853192209069707,24.02122465080005,9.967097658627067
11.405605855697829,23.48666897594975,10.9427535239197
10.504655952455003,22.900574172794748,9.963901647401737
10.121333178713758,22.619724673695092,9.941734424129333
11.116747940005222,23.73992912318749,9.680537634632326
10.966928017115842,22.3468292987214,9.946954447942344
11.884961340299622,22.120130968340504,10.718875469898459
11.13835411842176,22.466538719610902,10.35230933547254
10.598694755434131,22.022606441840967,10.713965342189807
10.702929501137538,22.595361679062552,11.06250929731745
10.106149553216525,23.182531635484768,11.73230124649082
10.183324426605635,22.629775086296085,11.043062306683344
11.109995206848552,21.54436482312063,10.687861540239972
10.59648430905001,21.99330885661624,10.821493916154932
11.138866753382421,21.75667191527129,10.34127918979987
10.125232381465368,22.358093721312844,13.478633318023928
11.711797190689921,21.13294272482652,10.760695719434596
10.236737055392878,22.645152832904035,14.074434333638923
10.548296699813523,20.92702293485412,10.601052641707554
10.497693313535342,20.9270486849806,11.07255459445866
11.362430007289083,20.71062218433812,10.816170972351113
11.18937130644845,20.359938334577123,10.779751775377783
10.540970244453973,19.9382265592296,11.13104473294512
10.862041318704394,20.697720206958778,10.92261752989668
10.303815461829592,20.80762971317583,10.632270175109953
10.28758360134407,20.09384454133867,11.15362758568233
10.303021328307457,19.991693592983808,11.319101754078126
10.41133894123284,20.244825651996003,11.178619533157198
10.051725634921556,19.68947713122959,11.705899807070985
9.828952701957622,20.933085392557086,10.691663720293608
11.262319070831035,19.489699608084415,10.345279684527618
10.612559160933232,19.164932119869096,10.56360219899605
10.516754895763118,20.375503221787035,9.964755677421438
9.561158585688649,19.248480888351406,10.909588069110562
10.326621470975802,19.168397257419123,10.434552769767269
10.27008239579004,18.864656239491218,10.269330198038663
10.789291075904428,17.54050728235662,11.019162220739208
10.708051573441953,18.647953956658,10.787154272391403
10.620919717329963,18.812761791165112,10.77211899397161
10.264188531513916,18.212237243773373,10.98663646613212
10.499900307884445,18.501064205986374,10.471672536165944
10.404351249030848,18.409530349325195,11.269749319878773
11.686561014910977,17.124431959864975,11.797238500227742
11.181976488767997,17.08914942568226,11.650037310140421
11.295024056030597,17.163841262231912,11.62638804520313
11.29252693324683,17.08581737542311,11.343824314019718
11.346960491956192,16.781425750569284,12.184784329379166
11.100375590070827,16.81956645643219,11.238843290183922
10.002377266857609,17.096893164749183,11.501837833110368
9.473683848588047,17.15349323024524,11.560665150638307
9.81066966001786,17.73682442002555,10.922114771722015
9.677405833371393,16.99408157444863,11.514246226412567
9.711924811786407,17.444287363961887,11.24764086279314
10.050052042437123,17.393949353973987,11.15258403836713
9.995846883725003,15.139019765421825,11.531063372742754
10.20285227048015,15.46759330620484,11.375486856668497
9.791896458472685,15.729626180157249,11.034807278646285
9.785623744949364,16.005168380118604,10.60053114817513
10.116897036556647,15.816047199040343,10.909474409349489
10.106222835230454,15.851563103880913,10.73437932271497
10.248265995429518,15.146835202605178,11.615207194996053
10.119568272526854,21.832124971802894,14.219419654062428
10.559398863629102,15.932964877169574,11.502399666126005
10.163803950958057,21.588768343518478,13.9241172595832
10.473096610700548,18.847070051011166,12.295879582256504
10.142509690041994,21.841927438762575,14.123299917468422
10.884791364247139,15.804594172878389,11.258451364582768
11.083746030632808,15.729703200849752,12.161318018482312
10.96115893032412,15.623142803785045,12.1636284938634
11.096354015384502,15.532774297932276,12.125034911046804
11.215790154013316,15.690805035207093,12.001757368538103
11.16083432342571,15.766651393914541,11.86987673798069
7.720434074192007,24.484460485122682,7.129828026694029
7.410090632695747,25.98547500112101,7.688010104253093
7.40050417896048,25.752890034264297,8.028039523959807
7.508298546343389,25.77536503735694,7.596606246231737
7.560362940393672,25.308961705005956,7.8143254877292625
7.423197031501915,25.88423149094098,7.76792241516669
9.21379066029536,25.094696388302633,8.990387860565306
8.420339709396764,25.90891266784782,8.193320995262582
9.382768993619353,25.88016527293055,8.548292263336986
8.180997491865206,26.645757637508417,8.65426437303022
8.535014330270053,26.05805541662194,8.542239357247023
8.40847840854715,26.389338363786276,7.980480628066101
7.594261361753211,25.040815045263507,8.95913877843108
7.509438260743991,24.887028553735277,8.890713292932183
7.161731367853637,25.370288155368502,9.234887175357752
7.419284527092471,24.809008418347176,9.641105357459672
7.438617466968553,24.67147861958114,9.47556057790387
7.521501043235908,24.855392473695243,8.876885976485223
7.862539940933658,24.436312186187394,8.908648764128113
7.980267209535198,25.156492408847598,7.893251547112511
8.203138907299275,25.876976001422584,8.239294768593567
8.457587125139824,24.749626284083384,8.10688148912832
7.805214934321768,24.471560381082853,8.25949143602995
7.698505569859744,25.324946338599247,8.083251413863891
8.10729211218343,23.35644687954501,9.459066478518746
8.032936377727124,22.51288625999529,9.98709889844188
7.813735497107347,22.35165197893473,9.448247939211669
8.091119931661916,22.802514269293326,9.764849697129408
7.862951617833051,22.498034257722278,9.48246067756506
7.680514484099772,22.406621716016186,9.214822810242005
7.5780246817317245,22.254422537754024,9.678782859930177
8.553913761965045,21.707259341780162,10.025723583294056
8.097750967871026,22.987634975709618,9.713634205641842
8.645183654603752,21.2626619542429,10.00687493748622
7.919538021144698,22.684717322188813,9.579124371603958
8.549179190451571,21.993668854019305,9.921962077422908
7.840263326081597,21.770301370882624,9.97552156375691
8.075149375219414,22.093228090937814,9.119278525303862
7.892702843376374,21.90073213734044,9.239649186231732
7.779030299871868,22.07849995092642,8.788758005447617
7.8358410947285915,21.596085367440715,9.35127890286526
8.010037025054078,21.38420353356419,8.74838426910632
9.887832377054986,22.434142723156718,13.670496389424763
9.496159281464083,22.045078729625153,12.854327671487482
9.057595612853492,21.17694696824573,10.429514077527195
8.731645398848228,21.17514185591,9.66656345105531
8.415984891201493,21.67736754379811,9.949300908015472
8.412648761506905,21.453688387556827,9.689011728602578
8.574774467079347,19.57925778087585,9.984796215754702
8.358233808921419,19.15818027582704,9.488159619427249
8.295894172050527,18.98764321912539,9.753463043508672
8.46728313718147,18.559541406840516,9.73324289868355
8.544531530452637,18.60400328800585,9.928867299465344
8.65123039056057,20.24073998562516,9.541341268393325
9.079450381148735,19.03690979257091,9.95207567419806
8.568329981696586,19.858371314597314,9.781463074338081
8.968174510038226,19.403751920195635,9.556627153693077
8.839177711990722,18.924293786121712,9.82050635214217
8.493738326533489,18.837662694488415,9.760222482636696
8.575387405857306,18.696118206692105,9.6281946986256
9.202436091050652,18.81998353043616,9.306463678234472
8.841213420130792,18.76147711514787,9.214892909478303
9.41306383169308,18.724340761540848,8.958962499330532
9.724557910790883,18.49904293465791,9.28883434947133
9.090039992581357,18.813450629689356,9.050889956026941
9.547735841968628,19.00512797467274,9.330942531942714
9.339579096769938,18.353650788414416,9.697538513962469
9.131461238668692,17.893411671348474,9.60311265588441
9.000529174213737,17.27233130090779,10.080870555309788
9.164088808172949,17.502111619747097,10.006403507129393
8.953005367644007,17.459210320605713,9.683910374302494
9.508688818808862,17.458605111380425,9.729788957815423
8.840614504251715,16.91147322833359,9.891474655134434
8.8242298811692,16.812035656526007,9.838406089346332
8.979356918992348,16.984565825131952,9.576961766515858
8.810668522409658,17.372778793681363,9.661081976736842
8.728598710928122,17.669686766527334,9.585181900131577
8.988603814999761,16.977199397289098,9.984565754710687
9.048895398758965,16.943264899782704,10.422698627523232
8.96388253796076,17.001565270084495,10.829783495488856
8.934693445754945,17.405998621046265,10.19230083733705
9.186983640405538,17.254694634363695,10.43404807930398
8.94055330992042,17.486007069253365,10.242041329308801
9.198346588001607,17.33663219367014,10.429263173457528
8.908134252848978,16.577890368501798,11.226079986399915
8.915291419233657,17.511867137056527,9.966280318174626
9.130365972459101,16.70091788779257,10.344676971882638
9.033194383463488,16.747117243026377,10.329312664946114
9.070995600062133,17.63427705681996,9.898319868454077
9.008811616710211,16.63729398469914,10.501427942858356
9.140925928299364,16.945175538567817,10.353730476764815
9.825203804873915,17.290462896021275,10.032210505932746
9.539073242618597,17.68600499550584,10.231178585010742
9.812511869015378,17.159466765641646,10.009229335328957
9.819561886381756,17.07354563670298,9.879487849706265
9.14345232301121,17.83822153834206,9.713805245191894
10.42283263466175,15.87927432669779,11.219762231334053
10.092671025247874,19.840176132627793,13.042667764898637
9.811477131721796,16.240227966129787,10.903184317093611
9.90883483161376,16.359407424617963,11.05848823181037
10.08866788361814,20.517792697464337,13.47855319867234
9.999714003657466,15.884026709817007,11.255994006199705
9.154886741592934,17.585885423917752,9.665665180304442
9.198738513705127,16.87996440786933,9.945445936732897
9.181960254181469,16.78948176441987,9.753211928716414
8.882754381136884,18.39226049114573,9.018948318798335
8.927416606727721,17.524725721747878,9.901971251903472
8.832214225299246,17.489517133977003,9.797999977954085
9.579387167925239,17.89455526817622,9.57105245644151
9.863422040051587,21.56305160638974,13.288378519351074
9.776737578638366,21.12147537059402,12.923361236378263
9.226166128340875,17.84274898512986,9.478468805540341
9.721038857480533,21.18315360026519,12.983855712930326
8.948690415127265,18.056216168699756,9.505667830864507
9.288000096575301,18.813002110561783,9.140253703505937
8.476861920534443,19.7137198778383,8.88444050220089
8.716729079796211,18.915411391193565,9.21106417163843
8.857969503935987,18.56552645202881,9.253126569462468
8.883700754697465,18.594061079755196,9.386883000177582
9.312293244550176,18.866661599144848,9.475558183919816
8.997099057039984,20.57455498621789,8.22567158085436
9.106706519924485,19.911704149375154,8.993075715384926
9.140858371153364,20.373687910756132,8.751594788942654
8.890732136224623,20.52827935705889,8.267019216607814
9.033683942879357,20.639661883604496,8.33614293855176
8.867895048368688,20.669333432433987,8.663517545157287
9.719781994436275,22.328664545654476,9.34912700756609
9.560484333869805,20.36184127532495,9.99198338049887
9.431041711152217,21.046776964725687,9.751616044758535
9.435443193442834,21.074827529244658,10.12286912805045
9.623262884629476,21.498285844583297,9.802091877720247
9.566704613062047,21.598415196240826,9.6922787755888
10.064090110146736,22.744285236854314,14.003514406897079
10.09884056973611,22.413252779479087,12.989905449640823
10.084789712640665,22.70369922514972,13.773839339042253
10.030180547154599,22.4502082642463,13.123638691301206
9.875863745256835,22.57308041267218,13.503163502023904
9.64894408271437,21.71411789458981,10.725330927017307
9.031362138148664,23.276151508224185,9.867277551068737
9.294149887732967,22.76763041001921,10.228146730496103
9.354867987383429,22.40235799607388,9.171799359362305
9.04527466792461,22.31479312905162,9.299159117956847
8.704932426614553,21.970863637155965,10.04000457696084
8.621188827157688,22.122822564376392,8.953730975105266
10.667863211626381,23.662742020530533,10.025751634857404
10.120234673311879,23.1604535567869,12.668181156317361
10.008570481322476,23.795972670259967,10.190156547391247
10.044527634299074,23.583193879240017,10.329827222370193
9.535051705983895,24.407582854709506,10.04876604357784
10.009796016507089,24.100193367747544,10.488420952761329
9.117545857124988,25.409176401071363,10.927257158046487
9.10071755116374,25.469530922638356,10.636272491072404
9.348023135418453,25.39791146884322,10.409303557404233
8.346889283470212,25.748252116288125,10.376876103313887
9.32368962943015,24.368185955766005,12.785211586697486
9.102387913968759,25.891522036547805,10.400978388036773
9.767040388654898,23.728669329299386,12.878003702452734
9.212826022102085,25.806045127761596,10.0222136345969
10.055386372085017,23.00036101618198,14.410088228877454
9.909101420665115,23.359826517032264,13.667244704317506
9.695612443510417,23.551938657730293,13.308414034903794
9.954556971833595,23.31425399143403,13.714630602264341
8.032757758764044,26.379394652768845,9.73433053120835
8.392304759460494,25.658112930430235,9.771635478424518
8.753012767282565,25.703034977181478,10.613647617360385
8.692115949591571,25.82440037281441,10.505303959252696
8.310650084734792,25.524088201169626,10.750528298638873
8.88200974185981,25.94386049332961,10.293455011780708
9.363626473917472,26.908248717873164,9.888419455466495
9.570450330725118,27.06603387494186,10.193038799463483
9.456744281272075,27.167592114918712,9.884164803265625
9.906213603825995,23.67059971414774,13.687709165093361
9.58445569254328,24.15598959130397,13.526292048087367
9.651807492147018,24.117379866251838,13.14527414608416
8.211611983686126,27.527362911589265,9.063597338878111
8.551881253230365,27.338680485694056,9.648344774722824
8.193489053284319,27.357428350076436,9.524902346400063
7.960802513309657,27.880229738527042,9.534830340980552
8.42532636757197,27.600022002984417,9.220606189306459
8.63019948909006,27.579492715472302,9.120250388966095
9.332505372338689,27.772070908985228,8.728736433800321
8.751229764058705,28.09214696682726,9.13163013969474
8.440783044253365,27.717912382919625,8.778668933503146
9.323265179449818,25.09393324906545,12.20961531853631
8.807097534991374,28.073645182522704,9.022201338321405
9.571472449487722,24.23963831758894,13.28049347454066
9.24219809621198,27.50971966468711,8.64696291069487
8.91074231493162,28.665287610350532,8.80995287683325
7.869165994278765,27.811752864027053,8.117372586380077
8.536423160680613,27.858398816167217,8.543212020451437
7.852155664271581,27.62138752619559,7.82847301240921
8.491864048110347,28.115761159129676,8.42536507604737
8.562766346259348,28.932826740808448,9.185940147104777
9.815645841665923,24.10010741924749,13.555631405277506
9.513364742633826,24.821093162925262,12.862491559299592
9.506443099363542,24.569622951621742,12.67935440347138
9.50798685544052,24.883274911287522,12.870911226815977
9.666699883869954,23.896133980101474,13.559108422400815
8.453027591780401,28.587118203129137,9.559988419586086
8.973422131718841,28.389528110334286,9.393660049975644
8.744480941632869,28.438232382683637,9.294097697689349
8.903312458304228,28.551867164726,8.976585719182294
8.558633761245616,28.491607357889507,9.30122430681009
8.957658527681483,28.81577390998314,9.346169562656478
10.78280810485497,17.403855163344605,10.581240618976679
10.785379405798137,17.289979178858417,10.364133596393419
10.480077487410096,17.062122658237914,10.384311915351457
10.12852113671605,17.141408436316066,10.355689347901674
10.91198635631684,16.808331105279862,10.296932058181316
10.578862224371754,16.842602535793855,10.550120785835347
9.611403630788741,17.30330375565692,10.649858321292855
10.85148651290211,17.850376059150875,10.206849255374266
9.340798818543945,18.239728086351967,10.109932523242094
10.487288961045262,18.255146539276204,10.218118105076176
9.96680115530865,18.233714173036752,10.102563752826796
10.25341725893531,18.391740656054445,10.083847960393445
10.763251319742768,18.626315885972588,10.195482869861127
10.176579824909108,18.783351861019433,10.390034987708827
10.515607918348397,18.365421412638717,10.262283209965705
9.721839097875568,17.901882327854114,10.563671378104434
9.72801673235364,17.6100771354556,10.894268645505297
9.947738473812132,17.897622896413925,10.447190554118217
10.251922286242383,18.44860739593752,10.810668805361633
9.997414885040936,19.17478820334989,11.314060296966634
9.915524334784978,19.01190188357504,11.146298199360057
9.930501220670836,19.52339129962926,10.877921787696149
10.054708727329293,19.61705593969916,10.614782373003235
10.408808506987043,19.45740978750667,10.793287255129977
10.830265583505255,20.27932444464124,10.878310400719936
10.504791585017081,20.303560832525566,10.791702694615733
11.178871718936438,20.282324164889868,10.813723079709249
11.054981956249252,20.46549973720212,10.93977194159542
11.290670454205726,20.594982659891155,10.860617569702288
11.087585961027479,20.21023596629432,10.80088526581479
11.187317087076192,20.20546740316418,12.357296599538737
10.759387947060278,19.88300642699536,11.193875589558047
10.876438579169232,19.816185010351575,11.80132389747541
10.889483801054258,19.81393552952227,11.292709414793597
10.743235068138091,19.801448844946123,11.548425037868398
10.837304277448883,19.69787260534055,11.42375978098378
10.514331007311181,22.568235779555643,11.843108146040901
11.120932165040903,22.300109849755408,11.652729112124002
10.49116116751233,22.238326399032633,12.000784039441962
10.368631741417056,22.12616774797511,11.637002727734904
10.435038479230093,21.85672195400461,11.445077328081464
10.531894758625677,22.840129557669037,11.957197092344634
11.796080556560122,23.728641291650085,11.776641143366945
11.749125272956068,24.08302812498571,12.072967287774334
11.103279466896812,24.206573648843985,11.788028284848696
11.93923698289284,23.88756795612433,11.028599926963611
11.706987712828376,23.804203028627466,11.588605336857126
12.018102756157253,23.999276023535714,11.6331390481111
9.783662906303032,25.507094441157314,11.40806270177357
9.740196674048855,25.269960495918575,11.285744527928411
10.14042370082229,24.822936529960877,11.488984420600735
10.710277351374204,25.41141756074521,11.415504753436883
9.444443630867202,24.693312022387374,11.669786895901137
9.489584048005229,24.82149443728561,11.42506896801153
10.169996093507734,25.273841968672375,11.49711035376082
9.890003578979794,25.225506762864043,11.375882658190811
9.832527815098937,25.328914629938872,11.49604490063106
10.658113854200213,25.078274729450882,12.177028337025273
10.341665072928356,25.625820383070064,11.984621576288049
10.42128143932151,24.905560369322185,12.071539913969945
10.79948774807881,27.450120414342425,12.037791963075373
10.551066967285093,27.425665634375054,12.329748471248173
9.646596225190969,28.509121039114994,12.05077838708201
10.331556687625898,27.81254968633058,12.128668687472794
11.726685682440731,28.813630733849195,12.37504588901094
11.895001777027138,29.114644315664087,11.68815849598724
11.610978039783285,27.886408998247205,11.494617653268476
12.4277028526605,27.63814372029031,11.075926890273756
11.014155933897785,28.47875814297797,11.08017652102288
10.551279762304395,28.65424663786638,11.517183669321641
10.3296354546542,28.75518276808956,12.35461657233471
10.94401913242788,29.209174549435627,11.353997522659133
11.818004105736044,29.084425702566808,11.088744434347824
12.204229138401413,28.99669406902142,11.318910086412487
12.153788286764543,28.288236172463876,10.627690463610467
12.259296957110617,28.780088814442877,10.778699332809408
9.907213552670799,28.780241407703606,11.327782913857355
10.873996188328064,28.48938486118419,11.518156907596715
11.792329953742719,28.59015961203799,12.061803887407288
11.608099594714869,29.51202259582169,12.036150853116926
12.216323022727032,28.932655338606253,11.850195351822078
11.628196838187417,28.942466179423967,11.99592861330356
11.587534045061103,29.201365025459605,11.484687367154596
12.10423321326401,29.20128211499079,11.717186029919603
12.253555815511024,28.652694588081967,11.427334201077118
11.365930979849447,28.567444530245425,11.645622895496404
11.716730997988623,27.809867341706838,11.164485346645295
12.581161450542918,28.49148345693414,11.07055967695674
12.148157387013121,28.471316447817735,11.508930003683332
11.787772989280334,28.754049446095404,11.145717695944382
12.414105130318358,30.138927443432344,12.998408181485408
12.3812205688066,29.67063972530594,12.445796432745492
12.157440529067314,28.691010159246463,10.937722497376058
11.778125633019538,29.277989900208482,11.108929555316767
11.245138884458946,29.259619254372446,10.57404795271897
12.388095430487667,29.23603869677475,11.645801528951111
11.181280962725884,28.561230138757697,13.372031821956181
11.36138151450887,27.778554873115283,12.416045297779126
10.83137327207686,28.355924659677804,12.69346694263269
10.118517096838984,28.607659299255523,12.544742914830248
10.234506207256054,28.00399136511499,12.87552227097364
11.279177079117952,27.67960635000179,11.975739346434308
10.818471817246895,27.10357249373926,19.177956697905305
11.693714674420695,27.11153051265801,19.76730598697609
11.98666145852751,26.107670026786725,19.48510883809493
12.054469415565222,26.16524222299026,19.880426258082863
11.67540723907155,25.55404082692075,19.776057367569923
10.81612542106551,27.301207180432097,19.58713610999586
10.52336170893954,28.723644710020032,19.230896457945843
9.886628029612949,28.197024998999627,19.856724879148317
10.377142995319359,27.818149643500774,19.97122977147608
10.318086606439138,27.840540634353374,20.371589564056713
9.814376460733747,28.57306989801706,19.552119450583284
10.024161917848222,27.900772052153908,20.151979187808017
10.835088941800457,25.269212210889894,19.971726034251372
10.661967348405025,25.562405366172996,20.080319572364186
10.228627013348678,25.71610780328033,19.95582393878057
10.98367771292415,25.693003360455062,19.56902916306187
10.64615652011663,26.145508586430044,18.858411029995416
9.794774198757446,26.085486991387594,18.526861163357072
10.031769222270846,25.348904725086037,19.098193356284437
9.969129400136946,26.024504430123482,19.1829646410365
9.809196965270695,25.69645342185745,19.66191256421523
9.910767632529273,25.925161277841916,20.058161167448972
10.138635753758594,25.514238412426664,19.216223087612846
10.439036179285866,25.677356499992364,18.793498848398148
9.882001908585034,23.297686147703445,19.79940434565355
10.453201261962205,23.159580985392232,18.79790603348028
10.543736598456531,23.102924647867557,19.22988061430538
11.254376914152573,22.8602192382656,19.87184511204572
11.078756242405255,23.261456024349343,20.07969948507565
10.707684444665631,23.973349868665082,19.863113749091077
10.867970629828939,23.139777162204766,19.28426104585602
10.394850931215762,22.375978837264686,19.495930793047584
10.981754197927222,23.00482285213994,18.749007879030078
10.318775645831362,22.862957165181815,16.300809628133965
10.55112588715745,23.72651508218529,17.523156530060117
10.506405240108856,23.099940567936528,18.647300121322598
10.697130171103767,23.625525985692246,19.93922146419721
11.171961274672732,22.750021618423855,19.75983226030608
11.884249224115724,22.479580086438176,19.40830238745488
11.407875065741042,22.184632662179062,19.17304551966636
11.107347943424093,22.080928033515193,18.99231088936393
11.357202705212629,22.547760694536983,19.402724223555797
10.94981882730355,23.025053566997336,16.852034450633727
10.736376319693157,23.131993165549694,16.203318334084074
12.77674088793816,23.437124452747167,19.161735379189658
11.174814032862646,22.77111952929736,16.757769881188086
10.553482841396091,23.037862408268154,15.60184059115697
12.211996787325624,23.304441320948726,19.148639825187935
11.520429744148387,21.823260907676417,19.696484332515638
10.77565713356496,21.742090951432615,19.715824537709363
11.787726295596284,21.50592146826078,19.69999365331008
11.720776581788721,21.396726388249885,19.598162344775155
11.205852753613083,21.18525128605916,19.883902477999413
10.991516318944257,20.77875304309944,19.715723869036424
11.900072548366364,21.34106767928471,19.308488843563136
10.949442135774726,22.004519507779268,18.717042407192963
11.629231717985002,21.496663666097806,19.76649031773198
11.22080368886972,21.622585121839272,19.32661604111431
11.413037591012387,21.565643565856504,19.58971017914718
11.588880874195164,21.617327024344366,19.324947787970157
12.818415113957142,21.14229201870762,19.827671045153632
11.709942490526613,19.90329758878045,19.411624417953178
12.304390204349707,19.908792946485832,19.196216224630646
12.715411790076217,20.230581136078225,19.811557653801636
11.632354285536136,20.596185665290317,20.008772648076572
12.795045902088775,20.448803728365593,19.47647575210181
11.282642073577263,21.187669223252247,19.10782308130741
11.007057788337034,20.784847343573293,19.394394349973886
11.206213165048519,21.088105971426,19.270059587378842
11.11769648513145,20.86016716626604,19.005956791571283
11.217343245029811,20.747926881675255,19.527582943989863
10.743192305163205,21.293629161389003,19.514363919968254
12.344300431805403,20.43475692582281,19.713185470418196
12.29645978880121,20.283412360839463,19.81291491286897
13.189042354463616,20.34792709757675,19.62985796304997
12.43860510927284,19.945518988321442,19.74194193296384
12.728045294550407,20.321415689005153,19.796759122159337
12.55268550082016,19.6532234702942,19.685502294965005
12.6982231099458,19.51256088292759,19.114244993273783
11.489563730880283,20.58813310851457,19.813267516992628
11.6173527016803,21.022640525181476,20.224073528007217
12.199627335884095,20.59966946522635,19.953024209896334
11.960309680763732,19.63444802513208,19.4512817783546
11.939262052142869,21.13081361849969,20.003132025620374
11.968939523160078,19.548160992493056,20.0214636390999
11.685454374734391,19.296515448248876,19.94855768027445
11.958202852340335,18.94027460473937,19.59016099508339
11.77213854471274,19.293012341180816,20.11363831149916
11.59699457919925,18.543495922857787,19.770033679334986
11.636860665693163,19.147839026044636,19.946376680385374
11.248733456571296,18.65227682564894,19.66139438564544
11.257630948068815,18.140476770131777,19.955031409399634
11.838803972523813,18.097110283685723,19.888755923897484
11.332826077493348,18.3827540322713,19.955046418358258
11.984381540099987,19.144829068541327,20.481515725115724
11.709737375047705,18.528340391448495,20.173055613605285
12.400685744719649,17.943393078905537,18.72783467431011
13.211966296016794,18.327077255654856,20.202748744060877
12.676789926603295,18.432946153497372,20.16963795454086
12.72586961385499,18.31327461479627,20.201265127298093
12.468059404089338,18.210949129214367,20.01940524805291
12.280011761650494,18.25833332190954,19.99615421912204
8.403467839621145,26.201876771545336,21.65292156631255
8.34835860630093,26.38539363823257,20.940790028073224
7.695382746263911,26.348670598661016,20.757444850669433
8.284626674657135,27.040528325107623,21.346740909017033
8.450077452271135,26.870043836623008,21.089006705246625
8.222916377822667,27.192269007121556,21.013294824025888
8.49074883279968,25.375687027347567,19.790253373524525
7.9696738957117095,25.806065598578318,20.205019259780812
9.134936250958727,25.765602566502153,19.63324291359113
9.409051200110001,26.358386277101555,20.139905112942387
8.568071712611355,25.631198049416472,20.120367426245487
8.931994235554285,25.924647468864077,19.86413712533502
8.057330297795275,24.252322668261918,20.817903393622366
8.094842141039603,24.310566291008744,20.46002965599227
8.426549281477143,23.948683885247053,20.63221696051771
8.393027900473784,23.73271069656045,21.08579309505296
8.401177528950235,23.4507219805847,21.176732705979713
8.536157741179037,23.30569478234505,20.327238557686403
8.104131920715663,23.632771601141453,20.948362270236757
8.922871280304213,23.93517842483653,20.443485043239814
8.334413135873035,23.277469155289285,20.09191226274445
8.379180738085717,23.264000365388842,19.968230990812327
8.932797803431566,23.486787197073465,20.097760914903475
9.000511054199691,23.44634305219676,20.083893122333905
9.378998035339803,23.463512411066517,21.196685257494217
9.278492501033558,23.550098531703636,20.10759839253558
9.088613967989403,23.28902783357625,20.44422702087111
9.244492230071472,23.379708241410505,20.57575084256817
9.433895824664488,23.475567732115874,20.8896353576341
9.32223415581408,23.05619037421187,21.474629155968614
9.18680969041326,22.361349377506773,20.499640589177865
9.778638819784598,22.141283229894594,20.811648371578578
9.83671445003634,22.434945913874653,21.14871490556256
10.086622775018538,22.59718587492356,20.78325048169203
9.233541729782647,22.346389892872256,21.987312363454798
9.380728611906415,22.772957361420378,21.112632481183667
8.12211673126208,22.077949054985485,21.08375705703331
8.286162493404786,21.80371742933071,20.77542231895423
8.550823197371965,22.77266820349058,21.599991870725216
8.310556607332085,21.86526769520362,20.505825663912862
7.997859785072543,21.467570795838117,20.430992863940798
8.787130052055865,22.413629552929326,21.300660257878985
8.618887613602277,21.61761809000423,21.25053458687065
8.823465327417576,21.528387701068226,21.175621781390554
8.587618004029133,21.870904906356362,21.53816399570783
9.723982851509225,22.682182021835377,16.9397890312302
8.985357437782934,22.41738902619506,21.50035586062067
9.225048679909024,22.121478066106974,21.556555799174056
8.082466496459798,21.24898931346978,20.487963931167656
8.84647578192073,20.732222930667785,20.564658716531575
9.136477773201205,20.880479011347443,21.43796188402462
8.597531483617926,20.75271279367338,21.07386238407733
8.545395864615614,20.757995816987076,20.936308870331587
8.637963807232495,21.310335123117113,21.079543062419233
9.296671781559883,21.032470196937247,20.824514936404274
9.702287176122214,20.870990045894597,20.42082636360868
8.955480572832904,20.949581895489363,20.92615730590866
9.189903203456296,20.974583476948247,21.251057993363865
8.848778717562874,21.1973029650446,21.396423305821862
8.96282090394128,20.94608288619476,21.696137120178665
9.287009694265382,20.520578226705037,21.495200591605133
8.648409736609558,20.459083558713235,20.739211563308967
8.56225857229726,19.827600086672035,21.21471974649715
8.80361136114178,20.879918930940335,21.073359447574457
8.409166301870059,20.55492415822485,21.454309120253438
8.80499849897691,20.516911649595386,20.692478589596668
10.16647428743986,20.93880337569359,21.736830448782445
9.315243120826512,21.401485678839567,22.23857344688795
9.346953102478261,21.213708834912726,21.554218457767078
9.841943470393653,20.33225298756403,20.88544220893661
9.962249657974661,20.243947138757335,20.934761341580515
9.618327158268755,20.287744139759795,21.466652086488526
9.975533833168678,20.67735731700554,20.721642807991113
9.133782959614958,19.761308143290762,21.00912881335463
9.230945925133724,20.09733894187375,20.73300908450539
9.478645839043589,19.623357425213996,20.814356258844356
9.060397473871994,18.950156448736546,20.323247025495295
9.324188987829054,18.86803534521117,20.616005929437613
9.945647151068917,19.82081069304701,20.48225512094691
9.639600757755703,19.286268904491894,20.071856838150666
9.57617505635661,19.598658102627958,20.37055966102833
9.85133753617223,18.648363579861666,19.24206254126263
10.184374174446614,18.624508368384017,19.538299951918024
9.947961524418414,18.781925722890065,19.64806535277316
9.456597215444651,18.454989263772283,20.235041437845442
9.768325532271165,18.12688145622964,20.130687015504627
9.545776077076773,18.188939905497023,20.081174891509843
9.388162705451224,18.098008786649622,19.88145320565482
9.829126193400578,18.27609591175258,19.802160351485206
9.83829912986787,18.311648898118037,19.957063301978202
9.30768537626975,18.657662885338066,20.483503167281263
9.373036000944431,18.73440363273359,20.575641005386256
9.065157790632806,19.59659866711506,20.207354294911838
8.919019597499236,18.89866087759937,20.727804137922043
9.233358737257102,18.768736275256867,20.678106453084585
9.566291142901655,19.045440925195994,20.039070622889746
8.853223159359082,20.41275369538383,20.831148673915703
9.274196470773278,20.208590413224428,21.007562032109533
9.482082748157984,19.907201093335523,20.94173912568138
9.70287256270146,20.617742585114005,21.161668887062007
9.604517938293775,20.51160524714586,20.702163344892824
9.617618183304426,20.27948677243331,20.914554006031604
10.589207827593716,21.104594033299463,20.714906523418602
10.407612280181555,21.42669117817043,20.362861857250905
10.916042872847823,21.493432755369525,20.397300585545754
10.29505082751475,22.418323405695133,16.18962675412635
10.874345734399522,21.792791406323598,20.386168188125517
10.72564063263367,21.658360849488698,20.508213223647438
11.174365913002879,21.713734204603163,20.305020176235168
11.584142442799116,21.335076151377223,20.761891833283038
11.08516956100763,21.624971304305145,20.332307737695736
10.529020066814796,21.804604567692753,20.138215747748145
11.34138565975872,22.110241913637523,20.77671831097428
10.22229943703643,22.636456048592553,15.590641909633355
10.237444538166347,21.906679939150003,21.069208822473446
9.63193746680911,21.566754831767742,20.949058917821993
10.077041636230282,22.292296689143274,20.920308589570226
10.073928319124125,21.425999129824014,20.605809185903965
9.963535053088657,21.752602521807862,21.220653330828725
10.082082826031531,21.210568449537536,20.96781303387032
11.490297590293206,21.74928837553666,21.72411541075514
11.388589546120906,22.227631397317488,21.812115223953555
11.1671290313918,22.112193808349282,21.53081988363127
11.111393429326629,21.682892195003664,21.867373861519617
11.237980988414071,23.01076390403432,21.881845940698238
10.635560360498195,21.42388548928315,21.690516503061115
9.057163198820634,23.18448846116383,20.04742938944937
8.764863808410489,23.256094763782915,20.097943122435158
8.43944103813222,22.906061058012554,20.346989156103536
8.87985056903506,22.66648537993055,20.5848312974784
9.531453344405097,22.832259518696713,20.419501424923833
9.438560371924634,23.171118712162567,20.74584872931532
11.574163350725156,22.385204242235424,21.595764075190242
11.363955700556534,23.1168946087123,21.49869034983638
11.753157452788932,23.269917639912396,21.344709800612723
10.86430663552735,23.72349386521207,21.75986545290975
10.388658752955573,23.069258139631497,16.54208397262598
10.908423307218092,23.22687170919669,19.71465708234632
8.108262087089132,24.893184565574735,20.218849209827887
8.367883542382401,24.81464458523405,20.910066870152246
8.49540581827643,24.968119438565534,20.852737936526104
8.579753663609745,24.941827101080523,20.84308765440278
8.376928857225797,24.91842731043655,20.983019808225094
8.541461004357782,25.093329711175855,21.5468252789273
11.246169536670807,25.052739343375094,20.651154705336097
10.471719785293073,24.71904083244725,21.098888185871765
10.67745713912373,24.999917321498025,20.79262198477645
10.106193970041758,25.00614137840375,20.177990203072035
10.560697290415698,24.76324316938364,20.8180626340868
10.494054926343141,25.374220930888303,21.32872711443553
9.300672099368047,25.946416594691883,20.913114851484785
9.47474243633683,25.191505982945724,20.946720563882813
9.449232818480136,26.510477543325994,21.013050220389744
9.266526290154456,25.799534883799065,20.849433596232725
9.312072310943165,25.266565003727425,20.87793994856183
9.527983759082478,25.92912197980048,20.621564539575225
10.677037194987564,25.92313832313748,21.44422105845337
10.3102041101663,24.59625392063105,17.430758225140067
10.882800638497825,26.49885963444574,21.1959546730846
10.701834268443829,26.023125151196425,21.115097727941066
10.123295478127574,26.44628399141807,21.520554744249203
11.204242771344338,26.68696136268656,21.12110216582953
9.041428495282556,26.318975275828993,20.929579447018476
9.750041034655053,27.051064101912715,20.16258233022577
9.245389903297024,27.036591851623882,20.2550979314575
9.042312125971547,27.21622649345224,20.500426177944384
9.333015387413138,26.345533575623385,20.66685539826212
9.662160978766344,26.83777874797145,20.628066288736566
10.306604853161339,27.0119012073897,20.352188394561345
10.055156021365747,26.6430444957785,20.557696502129417
10.171886882799848,26.64433673955123,21.289045204990018
9.725878221526933,25.73898610814225,21.50352456783024
10.375445526926448,27.020225181496443,20.75829073736632
10.343156488312294,27.26448793731449,20.66951635332841
8.300124373594148,25.986959909938633,20.048276037232753
8.01943908514356,26.617848920420123,20.044010628713476
8.523995886346688,25.90485712767783,20.407146202612875
8.74348676881304,25.43109404703632,20.074177673957703
8.958182420312365,25.336041063091017,19.8859590226867
8.691716691080774,25.385385653270422,20.55925552365383
9.918131897355625,27.55634952258126,20.490964076452173
9.668229234962402,27.92863398900704,20.25313972265654
10.028065253449046,27.89158491230473,20.309999026409514
10.020044565239862,27.199363196981402,20.431878468626035
9.637800996452665,27.344085962343513,20.202578774737784
10.424182809847846,28.06513449895547,20.17841354279602
9.88919596187733,27.79720136648662,20.095672843780847
8.620294203187237,27.446187647263674,20.581101177684538
8.376728115421596,27.90808179549346,20.696684796687563
8.574519087860889,27.713822452939976,20.65292571536684
8.721176922949358,27.652250182496633,20.838391198467345
8.624709862141309,27.83278361226986,20.646238926748225
9.945750175116569,28.398967547485928,19.945364413051912
9.938035930827873,28.310715593317767,20.323751502313158
9.679376023215344,28.233598899651817,20.11848839049216
9.182374524659778,28.079317112095396,19.633797419172712
9.185140939724917,27.854667838516775,20.155921185205894
9.321869750404792,28.24046968117344,19.924599416190283
9.445482557996092,27.51700948720041,21.202826772255975
9.142062754891752,27.805204528119678,20.70282337642397
8.914764643751722,27.992942094144773,20.71008489772513
8.70357653277141,27.700592549616935,20.626323622133356
9.070753529391787,27.539909346558936,21.293797526885058
9.203240921554674,27.292773096708444,20.85761045818904
11.424475751462293,19.776308109074254,19.14407489407794
13.195103205365275,20.090334744246956,19.185345751370306
12.820426937978468,20.2713431012797,19.865107654522156
12.966313359208852,20.71488512024677,19.582900477738157
13.209824814355503,20.54475775798548,19.387832737171003
12.843352207347746,20.51279350679402,19.570620180984577
11.948084743176848,19.736719232674538,19.363548014667032
12.602301626052409,19.85832048107312,19.257371090154784
12.091769223608988,18.160086617268334,18.868440069443146
12.186042105431905,19.94612118463548,19.45105879305191
11.627948931903129,18.7240341621497,19.292620997998437
12.204329091790184,19.16710700907921,19.02379680151394
12.417947793928166,21.239980803038264,20.18148600556045
13.155035282670383,20.98643627714612,19.473373451144457
12.349175051429153,21.496785540476438,20.298453693280074
12.570465217705358,21.613771091528832,20.259361964974495
12.631906098858728,22.012284333038348,20.474595877350204
12.414045583325294,21.50467671101374,20.092738148487467
12.114377959252963,21.139607968565556,19.635160683337443
12.653546646601715,21.781520062123814,19.768354033885835
12.62860275215993,22.251844340913824,20.34335389817548
10.94779785127072,22.454969642461357,16.36889884413182
12.614864272112213,21.763947863687605,19.44350376435199
12.633950384005551,21.797537932853004,18.479799245359473
11.598452366152856,23.051566638704653,19.944352743907693
12.524543372453778,22.64875007746899,19.55465334407918
12.325070132234512,23.15219030812143,19.97141610472159
12.35473207387282,22.889470529957897,20.0297189514194
12.505420663200198,22.325920677857862,19.973534096540586
13.183349161298581,22.413377402582185,20.00970013489042
12.107484619792395,21.242772327764246,19.365706759218714
12.49241848421927,21.627189319829068,19.487069673988263
12.711373805056382,21.813194882247952,19.60419533408286
12.195642417738428,21.148158127866843,18.461039044677797
12.748604349121448,22.30597821127064,19.88921315748257
12.31485650404375,22.16647146781062,19.561365667368197
12.02409979262725,23.462206627654247,19.600020000342433
11.731525954588335,23.438538726660568,19.77487615871604
11.411322762980635,23.551407790932203,19.81346722352216
12.034990857369689,23.80844164381395,19.456019885177007
11.641937889664174,23.55359202962609,19.343052903426095
11.505530139242593,23.165321175679935,19.693918191849193
13.083772288990343,22.793777115731547,18.591091501591432
12.888810726251567,23.29216650901927,18.625353143460387
12.683945242927155,23.891401865572025,18.41433566529153
12.691815842046793,23.87512541413631,18.56852012362234
12.040880552486374,23.458949484298234,17.53088551256505
12.856686827632394,22.91217818650819,18.416013164721818
12.650570149883489,24.05491743068277,18.861409474794442
12.41656256866718,24.933529219946568,18.729875318360328
12.464020539036147,24.324520759329662,18.969069021403396
12.030094414704966,24.896424264471094,19.207754598343968
11.54760053894775,24.87052650150882,19.18756572569064
11.825937260251107,24.524655678942565,18.04452615093836
13.011812170183488,23.784519251080024,19.159517900119745
12.875863814861152,24.48417057564683,18.35174037663698
12.588092117321432,24.17127599460008,19.449057708481604
12.470871377527226,24.354353235587464,18.915730638829526
12.736271440925531,24.497631105666827,19.05070758896575
12.049312697200008,24.498984505328313,19.361797058753545
11.14237496617678,24.390774894053934,19.343818932317514
10.962063764883819,25.119240865150122,19.38333566203904
11.038579539122708,24.917578867173397,19.50865498994664
11.229454378616898,24.76655303572627,18.512985127648385
11.441419858952084,23.696956800284113,18.7096978287783
11.587999182953547,23.68056946781308,19.06792318925302
11.430041999203455,24.437867730127493,18.921554861718395
11.638349832821657,24.698717796663747,18.58073787884793
12.12493171262565,25.484270009955818,18.327046797757898
10.435462418668529,23.33784096846353,15.89863055180717
11.44626563413235,24.77077969482749,19.38205329479967
11.419300112885228,23.786638669008962,18.78868576446994
12.075991178001072,27.20149185084273,18.459007405462884
11.797174995533869,27.333809931254063,18.605024543576224
11.864219614346192,27.276561138885477,18.69621402815645
12.130121528771125,27.593312945930563,18.658798885832578
12.33142306879227,27.928794351651575,18.856068913234694
11.434057890834232,27.112266538177433,18.925824403506887
11.530050367752882,26.721744764683763,18.961150731859735
11.77514531755822,26.185464235127558,18.72175104128766
11.660355871118545,26.30902174333183,18.56602457832342
11.824172775547858,26.720002464061793,19.235204985547334
11.909384192979058,27.498734122894064,17.98507402262309
12.201700536255279,27.291422372630294,18.165071796538413
11.052037024628913,29.590650742807217,18.717778243789066
10.955513037787567,29.751966661914842,18.543152627840414
11.378688038237579,29.026600755485052,19.160287663506026
10.825499786825883,29.18982680992278,19.22570097137571
10.850117875757658,29.178307581975474,19.262198553455217
10.377640904311018,29.14544071273061,19.187011515866967
11.753430272152393,28.993401676593116,18.641941805151607
11.883580389569854,28.631306742407077,17.980706889675844
12.577106593706688,28.571219528810996,18.220671643251894
12.45082140545015,28.943466387202424,18.311089205604723
12.166624079430315,28.028119327770256,17.793325039306623
11.691796260567296,29.102807678793276,18.279904308382072
12.06885927325694,27.457135104766735,19.191858568637436
11.568897018127682,27.722185943407457,17.96784512391147
11.722387497927562,27.69723132062025,18.33863404933595
12.401259681956857,27.680660524817903,18.748106028775183
12.001156829344211,27.508777012970185,18.61522293972115
12.017632460025254,27.941519552412565,18.262157889134762
10.910524955294475,26.774163695315522,14.24639337781475
12.448460898514353,28.713817627285273,12.903910695097675
12.185509535740831,29.516532535932516,11.909064815899594
13.314439857521197,28.112180023911897,11.964310950483469
13.2736052750889,27.60401539003486,13.269556228272643
12.468597562321785,28.489175330200826,12.718044116718316
9.775212938715985,29.23588974786929,10.40605740637847
9.879231770578192,30.210790259901163,11.350548872101111
10.62889398122334,29.981280901270946,10.96737549978352
9.902905125106523,29.708175131322392,10.714375001820477
9.490432226630201,29.834283027542146,11.098832502850536
9.843972542225389,29.85321116720013,11.632108775186481
7.812317097067825,28.64418578060554,10.358180168988268
8.46822139148184,27.88136755434767,10.593065916463846
7.865294164036522,28.26889538561369,10.76856835793785
7.954655813440541,28.56717794482747,10.042117518185178
8.36288197674208,29.245386577379875,10.54148438996036
8.669119088970737,28.69117051055092,9.843311449352726
13.118369822018167,26.555099224247133,13.309293199032988
12.953441649555852,27.08686723106613,13.399353779143878
12.556441820360659,27.093363156338988,12.30211976551818
13.27970491018915,26.45993622633977,13.242156303108047
13.047856512261985,26.645433361943407,13.079814452667526
12.647866559849458,27.168425482792973,13.36224459639337
10.509976047446427,28.4197377245489,11.535547937063132
10.445658871231212,28.50724235718209,10.873470626980973
10.772922646484123,27.19122180913124,11.333628745763335
10.353344191595278,27.167240555320916,10.38740721888561
10.515941243899,27.61955774096471,10.183423365199893
10.416102350689197,26.867840720533827,10.204804564285146
8.53935714186986,27.496469121033616,11.549094938802911
8.848099497535308,26.475461832998974,11.325967616159998
9.782051332123734,27.339571349343796,10.708274077720006
9.341980714953184,26.851638896527863,11.058671510042203
9.955888272411578,23.446471975799813,14.21690219268599
9.767967627767089,24.69401255110374,12.83865278251868
13.61585840530564,23.732835199227036,12.928750696859442
12.659593995627453,23.671307930879596,12.447421031362037
13.479160476298935,23.894860584690733,13.26580213381637
13.500258299366035,25.180265512014145,13.46149850759678
13.990401448449122,24.256384455028655,11.98392765666566
13.663926267373519,23.726585036107572,13.265032296587458
10.316601149761059,25.209745853487316,10.458999233155584
10.58051329879335,26.41257854934189,10.288672379028622
10.44643865697339,25.468351711101707,11.816632575642142
10.744094317756883,26.09869268144913,10.6505021842943
10.287476560013456,25.54445844036847,10.705451658214022
10.312999802243354,26.310787998480038,11.070286778481767
8.806857549265242,23.193032033374294,12.927261667465128
8.094677539021482,24.361977646646512,11.37948861950883
8.71132706986674,25.480525036596323,11.59417467050292
8.872708473815361,24.720114446735042,11.847093985538233
9.028385032037804,23.50714465161858,12.019188221118103
9.022599522139911,24.403356616926096,11.589921841612886
13.724115234572537,23.583945517318053,14.096775697021862
13.269227063705898,23.60279711353657,13.838712346754924
13.440122547668329,23.350215254727765,13.95278454552164
13.184282945977152,23.763884634675584,13.518804324902433
13.196814124468373,22.991041614071936,13.67394603790661
13.635985625333397,23.521937984004364,13.564863827831097
9.665224357346014,22.77843317593456,12.55483061836608
10.415887412672141,23.17650540494049,11.83278837726861
10.920171842380139,24.165705590253104,12.318821988555651
10.833921583208761,23.525019052365696,11.71428072593287
11.314181049940386,23.996793176187424,12.146878375669086
10.861575233276074,24.191547552050974,12.090237624057762
8.992880709304387,22.89118119794312,13.127416156792382
9.327161262332817,23.965813974848178,12.378248011650866
8.559235777006643,23.77827971570778,12.447778812131496
8.196547583498418,24.53145460070917,11.951726996240435
8.519308717615615,24.315664575124032,11.895930779854744
8.045022055433225,24.275252308093933,12.076037505492655
12.927397903433722,22.577984190950804,13.962362200084028
12.542941043331794,21.88836268078236,12.932277417845352
12.174177828030098,21.89954252213944,12.701013630175398
12.61854671246251,22.944925045059694,14.202694548716124
12.679449209008569,20.678470837344452,13.011398832742557
13.530718521113076,21.73887930239917,13.087772287315012
10.824146510623468,22.081783517162755,11.748469411216915
11.120109246836975,22.73278392602184,12.219766497778155
10.35708548192262,22.286630237714704,11.24632659721446
10.949763288574612,22.433253963649957,12.169191469043103
10.743327448738036,21.75475753455769,11.241342871937917
9.765179493603089,21.07689917070542,11.446984110626051
9.727620695553961,22.67735130804608,11.67054025866663
8.962124501159622,22.516269593923578,11.890779484827982
9.614381129475932,21.768743558680466,12.015018035160036
8.364622014407376,23.012268777331276,11.954221170559304
9.994393438252319,22.82806784906512,14.195763363399331
8.728893370507713,22.54801449234131,12.024919151892325
14.029335369212731,19.81232978413422,12.087599246344869
13.758627889019088,19.428043465456938,13.56422464304016
12.665493737899721,19.269948184035222,12.991515497167116
13.551793438232613,19.558615897601378,12.260111878169846
12.305995589566336,19.28177849554924,12.681920759576782
13.194008172512138,19.312645706776873,12.97489282010343
11.508456693076806,20.19266305210578,11.094702716688179
10.664697412836908,20.900909642566685,11.745635254866755
11.2449085128739,19.897160083220804,11.206013869556385
11.022957266133828,20.612657573769614,11.15415312809057
11.094119391367677,20.47221371056515,11.514667308896795
11.16009678080258,20.766067866065768,11.701286010993908
9.240064417660431,21.541784232248585,11.21619073859171
8.697000367200804,19.995752562173724,10.636156778257224
9.054659437376717,20.467382554267328,10.987279691381106
9.051337546121777,20.968665045103315,11.369172927102555
9.299692935932965,22.329075885293417,11.741380432104819
8.439832196415082,21.705661629301687,11.714121194725687
12.045184700463574,16.916313790305345,11.385957696761508
11.736395441534127,17.922594791193585,11.52912917520673
12.166346859356423,17.69566178975132,11.343193580917939
12.139117296306551,18.597725691745723,11.717325245758122
12.44371764310355,17.73769112014359,11.301191629654415
11.825021653902038,17.99479883976939,11.20482464167329
9.536964390760698,18.503320016613696,10.67609698095152
9.835219313925412,19.662646088226072,10.948739563810186
9.888444752019712,19.076728973066714,12.154983543015707
9.773001538144644,18.050061762521885,11.406246959319063
9.41579565341432,19.46714633808593,11.380331529072507
9.472367015865643,18.011919780488938,11.20507953808768
8.5944555830186,19.892304208562635,10.790191753836615
8.697903384567407,19.03050779615171,10.365525073256023
8.12241958094689,19.50121846643015,10.0069355661347
8.6637615691973,19.41201262895047,10.46101953199721
8.482620411813317,19.225648860262655,10.122247476753824
8.803428164887888,19.96880687303515,11.043944651968092
11.268364752492037,16.443672431084046,10.85257869233425
11.54994696000643,16.752520297158213,10.9765677285641
11.528186687849045,17.263680978045006,10.839597452990528
11.995633146322117,18.036265614205377,11.431167381086972
11.80756331318794,18.159261203435502,10.960671378188076
11.457279737938281,16.339106440994115,11.104298975746632
10.430654841601772,16.79754865453996,10.966820925275423
9.834969861627288,17.903381906775845,11.06962236224263
10.182598967878883,17.816674050885013,10.271477435929983
10.235064927345242,17.37850604083623,10.917365864436519
10.26298915234661,17.048451997120097,10.886172369754975
10.118841592022692,16.40687132568395,10.19276560628448
9.980418776351838,20.834234052473736,13.575927684443347
9.08375234826202,15.473039665696188,10.939940944344706
9.148335053701418,16.088906341100433,10.486991933435332
9.123239372758666,16.99582375523674,10.846680360487092
9.024302825813908,16.621579413216388,11.246108792946643
8.71331784152444,17.478696208305035,10.89977766227192
8.61865415285805,16.915248797920427,10.720803712805123
8.553676025719207,16.812387462424574,10.695234898528021
8.470080497458516,16.49505551782343,11.142572138767576
8.556509938502973,17.644143025826217,11.627029506205933
8.707493722477162,17.209601272775444,11.738329239458952
8.478374241778702,17.61526412730517,11.797300088845786
9.542192599599643,17.07687669782333,10.759144015293634
10.15783699304035,17.338090999496693,10.332097471290105
9.363345153277114,17.16020541931443,10.6455788578
9.585887059156242,17.07725868013761,10.6647372575788
10.032030753516956,16.590539053441812,10.957955008135375
9.840935330850556,16.79403740406998,10.724481839319134
10.766743667755986,16.707175214661397,11.680288042543765
11.415878031412328,17.41591030194804,10.697397916616293
11.38653242523288,17.448788021154026,11.47010500488835
11.152582824033836,16.998928045596152,11.107323474618852
11.238564699720202,16.550096789868903,11.58506937126442
11.732705363430131,18.16284934580348,11.191156666660586
8.352890600174119,19.469174060787445,11.207003709680011
8.424182265178455,19.421881296972995,10.867890021993073
8.357826812111641,19.03813012384607,10.735140960114384
8.169882032547534,19.205387368674238,10.51507575340698
8.252637264710357,19.28585915626525,10.44336118596178
8.154190924093516,19.109232235885017,10.389998332389013
9.380472387459283,17.71083166011477,10.393846681874434
9.331887423516438,18.682603180140607,11.582667334287448
9.41405915454167,18.903401087873068,11.060043944546294
9.324333538300849,18.52602688295496,11.233372944613528
9.66265230335571,18.82074831909253,11.256619539092977
9.3380339197322,18.436406164727714,10.17291454702585
10.928704562685297,19.210635848082923,11.11837450181951
11.188394880998436,18.012823237666304,12.156285161977712
11.249811872614739,18.597217228236083,12.11634283002492
11.233997197168886,17.831149450655648,12.056770090560747
11.083899842185012,18.191881678119916,11.407691892642827
11.21954023451883,18.187832201565776,10.45450098039632
8.226122457812199,21.930296300548754,11.66648636896951
9.371679114383294,22.387347954053624,13.483769687551517
8.108866181012345,21.226611569048238,11.463187844940599
8.121031147335064,22.320270603980774,11.466038272165484
8.005921726808722,21.05536663408305,11.188159340503802
7.903054471065074,20.677598352372613,10.885381451632302
9.527294607817709,20.28951199893332,11.14207533826844
8.819642712651115,20.951261842596306,10.85250768471626
8.792369594810282,21.193708487316695,11.47643160305553
9.075913640822401,21.461900304604686,11.114298955318525
9.66826948640625,20.518838361014538,10.89555251604651
9.904862170483382,20.674709531629055,10.912324538286867
12.260239768532319,20.025982702050456,11.983703726709459
12.316847749965437,20.455834552830023,12.587487099872913
12.234289049490023,20.613299391539783,11.496857064992474
12.821965664177089,20.956623229484368,12.780264580051453
12.881135090748852,20.494912149364303,12.414780258381636
12.747817708979964,20.589092027975084,11.225242185657407
7.542493854195365,21.75735051233412,11.651702265054194
7.835885351691149,22.518649902060186,11.832377298225268
7.536111102774908,22.063953093886926,11.656724337782123
7.636571510102493,22.196418484020718,12.31590506187803
7.587340985343706,23.027290482423947,12.050776480655657
7.295032793697777,22.99758514950176,11.894967341068623
9.633568256948811,22.132314944871105,11.20024691928578
9.435340715630193,22.484525437459286,11.490887819153176
10.739370760936662,23.830354900143575,11.603909185645815
9.324172906224772,22.637545442367635,11.634292993765875
10.30956704187654,22.620020734829502,11.4785004435582
8.99823602603893,22.709789970962568,12.164986359998402
12.47038619323455,22.277668704067636,11.821366889858925
10.350966824321075,22.894925785125047,14.42803865004474
10.913066154669878,22.649597215072284,13.954848631203408
12.951492565356736,22.25680892305511,12.160097040657924
13.179025970903107,22.96810245037364,12.42673794729353
12.893782377558967,22.246762802539717,11.87932356258889
7.797185731926648,24.271186690222493,11.879909580011235
7.999439570741731,24.043560372016906,11.55293668787591
8.66983581637504,24.696283895637382,11.495305063029093
9.51218739941619,23.572056940543117,13.423743020809333
9.371026721288262,23.42245206223631,13.54648370025241
8.005668531185975,24.41881183521757,11.458265020672222
8.25466795279479,23.330300109962575,12.14663492409333
8.955519285445597,24.056691813294183,12.320969007933808
8.74089997029526,23.679142434039193,12.145044773978894
8.786572482491712,23.671441543450555,12.056723237792442
8.399545603367438,23.57289457172025,12.141123387172335
7.90797134849684,23.515524916143793,12.178303733280137
11.899938739831484,22.88036135623298,11.691763038548201
12.288235151873353,24.247704029620007,12.979998634805776
12.901672765709057,23.977108326199165,11.976322830824055
12.773254707614635,22.935779696609625,12.23848261217794
12.104203429265496,23.463130674950712,13.303869742593852
12.865591772017432,23.657655240564054,12.631841804107122
7.8215070350951095,24.685421339345375,12.119462767991768
7.5740832806491,24.91249753570525,10.488790969758817
7.685293844825153,25.055267943110774,10.782474989986497
8.18904431139902,24.942163465175277,11.39898904546623
7.686105012749731,24.254558068850823,11.846269154748516
7.478910372760521,25.49087041165683,10.648161730170076
10.195842613276119,23.758292631533795,13.173264641741117
9.81530637018283,24.60288277794659,11.557612635489852
10.088428754122624,24.647892001629074,11.321454627518314
8.997579598992628,24.29906351360644,11.549029718195099
9.11472275395322,23.886390345444486,11.57660970038146
9.43091239170572,24.416507031112,10.854616142344938
10.798362520563769,23.85550740893204,13.550395099047043
11.963135597516354,25.118716899812163,12.52258974556039
12.158084348407106,24.746790686209508,11.523349936313709
10.5681611163873,23.48187705142585,13.936068370183587
10.420272897409106,23.253807204025648,14.363850614069195
12.584216921536466,24.83653993320277,12.85906720677928
7.6593120394011,26.43782688930962,11.230668975436577
7.408832875447736,26.438492543496487,10.745977770547023
7.484048294634345,27.34656873974715,11.34704536956408
7.6334114888251765,25.59408173031037,11.25531667346251
7.363987703062746,27.661800940858903,10.519064457990678
7.356131498936785,27.32554858733122,11.187603640376304
8.513516850641818,26.886899610663733,12.00698985131681
8.444553930683046,27.3781373656983,10.839944887103309
7.9751113234311095,28.400311516899123,11.217480222601491
8.807191610943336,28.132656339292563,11.624401519788895
9.18603306438786,27.41049648759715,11.141927277222187
8.915799836301767,27.76679115766389,11.043053399061202
12.103043459673128,27.08443809005012,12.063655803797941
11.559808799978839,26.206658088009117,12.601023464719791
12.137770435551749,27.37627012675859,13.004981867307096
12.533105164231186,27.336164170862475,11.87674219478175
11.609211475975167,27.88515718505107,12.760516262857566
11.952036278060625,27.52841081153071,12.267261532822126
7.305688152692455,28.11040433951042,10.86469340029802
7.255735472460058,28.371608204600513,11.32693543716537
7.200197711952552,26.56894197006388,10.702208914756408
7.798580836341639,27.9939794337191,10.494613354947592
7.128310658878886,27.875149746014188,11.713985576780534
7.289100349094648,28.30232316216184,11.351762004267254
9.000970931876939,28.40285598702514,10.740411787178473
9.470215759946257,29.145031053700457,10.642011623680329
9.391838369291165,28.647643703101053,11.002709507862404
8.93308863835678,28.430141429657375,10.417195360680065
9.585283204400623,29.341447818873043,10.406065062180934
9.269446325336418,29.097029967149556,10.765427555876814
12.274566655850432,27.791913543332825,12.258421022205516
12.580246878301613,27.32520090792239,12.118955303220991
12.900269667912507,27.668791249211203,12.559858810840556
11.536972857734291,28.694413506181093,12.06688154298756
12.324914653988008,28.27879945778227,11.947924806957479
12.625468367908194,28.158523929852446,11.546907705435112
12.83536485998017,26.657694932181776,17.97458643002847
12.870808293277534,28.118014528076657,18.38777218046674
13.16270387995355,27.169306751980216,17.608623232778477
12.962379889974464,26.70126924083771,18.141876394966047
12.455722815717557,27.201811749080395,17.80343762415412
13.308953983678588,27.62770453105858,17.535634191840916
9.772266400607542,29.542344269221758,18.32836122069614
9.466377192093805,29.450495100409384,18.545917554950602
9.633654972647102,29.14215788783998,19.328385135419378
10.08770662478263,29.243307801593787,19.16228111048171
9.889740868079606,29.089843282110472,18.572215496742555
10.093238923446062,29.300820311525992,18.58125798393122
9.169478972269433,29.72547490364881,19.362944289623357
9.92798724157719,24.25173993020152,15.515215307823436
9.924387800169729,23.893604701329767,15.307792363569462
8.162687558711866,28.72393499938571,19.469162564025048
9.284824495329442,28.690666657214088,19.03665732864951
9.717284297018315,24.205036093975362,15.511604277904112
13.505171306986032,25.833274354517297,16.858078412582138
13.365548091890084,27.983706479355906,16.512128568965768
13.719125992708495,26.234738761773503,17.548321425583136
13.505738888246082,27.38708011590365,16.56050279015792
13.453850010058984,26.279979557877216,17.74050804482061
13.191388495827232,26.852084372581164,18.189471325273203
10.795783472027917,27.399170533420804,18.168800104962354
9.757792761969569,26.174414735406973,18.8256778172042
10.490601223621049,26.67205040093169,18.287594914365233
10.881568793123273,26.42772199163277,18.614166429272796
10.505363926239015,26.48340080337517,18.53450799926808
9.570975777792727,26.180081606049672,18.256507439375
10.163515505604739,26.97561305181224,19.045946847581078
9.870099274910054,27.20815644709431,19.103841025139317
10.49114842748254,27.285611086369176,18.56505538199006
10.089003153507793,27.743093805483444,18.91117494289154
9.853179857807937,26.973105533905514,19.31746355734098
9.650751258264343,26.58232937722767,18.74385563663695
13.603248390478687,24.030164081635156,18.048826523727065
13.923269317835318,24.094527730930913,18.135777503652143
13.236737821762707,24.11344951002136,17.92953799915975
12.448555283711062,24.15289536399671,17.91313067630983
11.540238991208659,23.430690056589285,16.309840167410606
13.321328229651296,24.242671067711342,17.644823315349022
11.144761616879737,25.62433072217842,18.641475102222948
10.215129408788885,23.17784396731418,15.3746892413218
10.541158287480176,24.148159241331825,16.228408763523404
11.617165240512646,24.99170141450763,18.749754308635328
11.045337860939522,24.46294682197531,17.80301432070104
11.377867828665995,23.50615640057394,18.31244047925541
9.813518210048862,23.545428161696243,15.834619280495897
9.899265619083504,23.277058301768033,15.378101894689886
9.927611805331896,23.183621437727826,15.187834834810833
10.01689708158647,23.03967885398795,14.92002270578485
8.742415249010934,25.57236944488416,19.39959759113447
9.921934485743758,23.271086821004506,15.47634358942703
13.977727477446205,22.851894160212176,17.781119367845854
13.838157131416185,22.851551893430905,17.54019208238323
13.500122405005152,23.784369172233685,17.447024467396457
14.257226688054295,23.543404086360866,17.049205166948067
14.254279082772765,23.378299151831115,16.753695335989246
14.48383744548846,23.49411894054468,16.124194841133768
10.600675242106483,23.519092934003126,18.68255651362065
9.820358283895763,23.258065794647322,18.698455409427865
11.067632966693587,23.543422440210843,18.087863629627844
10.815044979424874,24.418113360921474,18.03360500334941
10.478527081510773,24.603675008303227,18.558151112001774
10.175895724421816,24.53569441859599,18.70879266267445
9.832118670344917,23.613204377060534,18.927538350659773
9.358187108572276,23.581153014417968,18.80307320563394
9.9557059456614,23.438255092510733,16.872454477942107
10.020664199367493,24.022935275168415,19.003819135770858
9.606405756874224,23.29080820388504,19.01150952966409
9.538791274634969,23.151737460842952,18.994281921314442
13.238979816183514,22.664357105875037,17.882895606648397
12.529603810016017,21.693960935597566,18.21581653393036
12.7895887940373,22.302856515086553,18.618793776691582
13.21034367336032,20.91446688863407,16.867072942668777
13.199853829407257,22.209838344190004,18.465836972991674
12.821914385319884,22.036519692629426,18.537465141030342
10.726968869884558,22.46147999985,19.72686956445903
10.11848108471907,22.867723860736035,15.384479360685097
10.214730754322433,23.37118439290145,20.03301490746569
11.056591262433034,23.220522403050772,19.32384033300285
12.001731992499073,22.775340904266454,19.638779687985018
11.338217617410693,22.841938133108847,19.505512248889534
10.860491624223792,23.645493249193088,19.087937627963143
9.654891299961177,23.17827733447342,18.74801732962929
10.493290837405155,23.01962908847884,19.204324054840747
9.303507568317164,22.562633389926887,19.332777505068115
9.656222052355213,23.126510525962367,18.202656850872756
9.610428439509231,22.906910686349526,17.96924370710226
14.184280045936916,19.830987329439893,17.74808846653014
13.95636465428932,21.395108582910723,18.32118707601583
12.968217481337106,19.6657917827255,18.120621505892213
14.322421164383885,20.598423862063356,18.177715594035323
14.060870820833802,20.58185780616967,17.604967554824682
13.9866456784793,21.457506990283196,18.409458542691077
10.499478071258075,22.146482768149014,16.005261563848485
11.8081451606179,21.06465798386045,18.84228624296193
11.841642331452642,21.18755499674149,19.28810294168017
10.429271321016941,22.435027592593524,15.469870217461922
10.993614483774042,20.794885667188236,18.370390440991507
11.045024284112195,20.45790797064304,18.40900141927286
8.989344064963625,21.691251221765434,18.56160042676503
8.676997906950229,21.747763995215593,19.3242038370986
9.64753637379733,21.856768322489977,19.528191285009633
9.570672687162116,22.043329398413373,19.60424959476786
9.487777852849147,22.0275255912816,19.849592110797275
9.141646661105298,21.247818935456348,18.887774230786498
13.548341504084418,20.659682828509947,19.45695324350954
13.823016075006521,20.078857823103114,18.75972590079818
13.545131571676198,19.643984206638546,18.72357412576288
14.916569147898151,20.688315256343984,18.744091466057675
13.709311630442468,20.4432308424,18.573496413307712
13.187169018280796,20.318757531362728,19.07424605844001
11.266208673192775,20.733385089287403,19.05621370867815
11.754917124346989,22.210277415186454,19.253391907198278
12.336497222160771,21.054170317015988,18.22846761518391
11.903638071829901,21.621055551284243,17.706692354126478
12.03961837218845,20.671338252444315,18.60740698848116
11.879810958033483,20.896046872102286,17.8752267775179
10.842547503618963,21.18655763727889,18.885982958425654
10.063252029834194,20.182734816264475,19.296636100717972
10.467464567333044,21.039514069308378,20.08624294086443
9.94504245612928,21.216459001292684,19.958600656788818
9.847981500305846,20.11264526620776,19.41122889297829
9.673756921142225,20.91804541390059,20.080100679601742
14.215766537977709,20.582328394143204,18.958282486212862
13.65479662546415,20.459725220222523,18.376858315419078
13.81499967758503,20.367031507114906,18.427397378528557
13.637237271110862,20.010711880921452,18.100369949960236
13.587645541439857,20.202553381971498,18.557540371902473
13.736662199696722,20.34486514219747,18.812677053103847
11.973339770050403,19.73981269044511,18.356732942090332
11.784758950428056,19.483530232490473,18.276087443390008
11.888770249720334,18.170430071853872,18.857346575811718
11.229610154675507,18.191432575983686,18.655281645722056
11.503791451219092,18.845434999873437,18.938839250974354
11.07890672232534,18.254458046417575,18.76792602264897
11.423875554006457,18.91159852404019,19.148562141577628
10.310382270366421,21.818880271670317,16.366281181057666
11.815620158472585,20.053621475387665,19.473283633405273
10.14746006826195,22.775940252780465,14.845613297634353
10.35171562697483,22.563511077935164,15.223727058566649
11.492567056137084,20.325032163338246,18.155413680372117
9.418285316467596,19.71726251395727,18.223205161192777
8.91252603372134,19.4211646250363,18.43057563122812
8.441033828433277,19.416114234559785,17.988790533369816
8.259318863989064,19.772785291813967,17.397255110615973
8.65001579123912,20.107761747821293,18.143284708103153
7.911695815518929,19.94255829598949,17.64558639182976
10.221152633474889,19.33249729656522,19.239988318843913
10.162877375723653,19.26965624293945,18.027550873856065
10.367846248303586,18.796375774976724,17.922217310395457
9.445320554929324,18.251851136104662,19.000156772434963
9.424640069310971,18.109406276189322,18.688469614169232
10.484374471303747,18.953155269681353,19.066610241841538
13.04524051605131,20.75210663992536,18.12330088469742
10.472657757882446,22.643520396636227,15.105290805581596
13.729591215383161,20.826662958057213,18.6297586754753
10.894332827795607,22.194976686416517,16.06747349151949
12.782842590024925,20.43857730362142,19.46137874583218
12.18613568690291,20.440891221817957,20.021388716736627
9.545710405529633,20.99130717831842,18.386682965442397
9.026857247298679,21.682488701442274,18.977297663391
9.522523988088553,20.791252857696417,19.3903110098356
9.452254918530437,20.49705891581731,19.053244208268193
9.33303269443376,21.7126343872645,19.007097523089794
9.548584802275386,21.50658675410176,18.7546851473882
11.132511947954727,21.418696504941522,19.285028444526038
10.868380367483173,21.17698552549513,19.564433330105725
10.772910384364094,21.513173000186093,19.363765762754085
11.290783184344399,20.843235610595084,19.352913157233207
11.02008210010853,21.710755053913005,18.49381094230748
11.381427415755883,21.350589629664377,18.422433241803144
11.828352282125891,20.205130595820236,18.66400189819434
12.63571314405427,20.097867421025008,18.251655540089274
13.307613508547123,21.84799355412892,18.75129596320419
12.99324950952964,20.650236645118003,18.948895945190042
13.358274551624481,20.067533391545474,18.63787674027138
13.004766320632243,20.599649268397297,18.82389763771463
9.789163637681176,22.156909538016862,17.8842055946647
9.493852742632832,21.620295234767568,18.7999497713083
10.265670562935343,22.28036496509801,18.457970571812275
10.226552015754605,21.95353182836517,18.19287690449642
10.15741081206696,22.172923260835567,18.03767160633921
10.313864748844415,21.92661346716462,18.951259263389908
11.592092818330336,22.049367628523143,19.723149184919766
11.323391491182786,21.805744857974684,19.552375731560055
11.497642742381403,23.867142109948098,19.399853814754138
11.525557661674428,22.214910534030647,19.34322183152503
11.385459811625497,22.10331304254662,19.642244593286495
11.462011579043999,21.616079343125833,18.957447032975498
13.304154119535632,21.766352435213367,18.91461358778259
13.137184625518472,20.6539862198726,19.886450735404186
13.369165475864273,21.272008747455388,18.512526229456718
12.980909708907742,20.10070321876958,19.241816143870174
13.116769568202955,21.33579164421253,18.490219569606428
13.306592181216613,21.404345564995563,18.868758731653276
9.173721755092334,23.111888369403722,18.279163642182272
8.882770730975029,23.511586753230965,18.943283645741193
9.00585694749541,23.38372368141849,18.416776919969365
8.647725183578004,22.760637387705412,19.05080082061633
9.627608510088033,23.581019458738268,18.429598253463617
9.458913901485541,23.59569473753648,18.81930970983836
10.821797514272786,23.86527916243053,19.557436568098773
11.150228310896047,23.820453716766185,19.42019126965225
10.390884609085157,23.500471405895894,18.685203181048223
10.489586404011638,23.432813280162254,18.798782073171925
10.46052745113635,23.226942802084256,18.86253627650932
11.216889537791527,22.870000483707486,19.29469693318687
13.576409465079392,23.92763167452636,17.093488785863567
12.797038292324846,23.063438630314764,17.0442381852765
13.415853010672839,23.109627177366402,17.505897666626435
13.161484338000548,22.39036952608945,18.615637110388754
13.273711271953601,22.241737424422404,18.620899732989287
13.07356673062787,22.566966945935576,17.984373023689695
9.729818489619399,24.76048434816479,18.128076030938754
10.049893260914134,23.553109426504715,18.445116569877975
9.931182478479974,23.87890503734585,18.1441645649804
10.445213792227058,24.910111765306155,18.591564522457222
10.07510342445046,23.480727342200023,16.20714820936794
10.131622841768765,25.46608877496964,17.87908274423072
9.942321761532643,24.486196203757796,18.996613517979934
9.883621920806794,24.19184076120696,18.63980871569301
9.37896126252339,24.640497930097872,18.393395319597193
10.66104020437781,24.555246527204694,18.73344449664867
10.106815132719195,24.279960151407575,18.639573118010013
10.06034496899442,24.385377942839327,19.563551494927914
13.040739323549426,23.14189018178581,19.30719799432282
13.617907025664678,23.623713474749895,18.142368195166878
13.649810986817577,23.20082856646573,17.829233707611486
13.190865135449789,23.7245002548043,18.70090536425882
13.429966566577555,23.225974699028484,18.438386313647918
13.260113385286427,23.357793905664884,18.808516066221845
10.391019065710495,26.127101428843964,18.626539306503968
9.923916521302308,25.557549158435297,19.2554435328284
9.882309204571527,24.450000948875633,19.327638738560797
10.019454801801453,23.033412936264398,15.008198727929328
9.885313411943812,25.414125399607908,18.99971936891336
9.448335470145931,24.906470440849304,19.32138634614126
9.947212075605517,25.350581839613202,18.601045187941494
9.966339335514082,25.266417461538893,19.458986609851333
10.339543389462657,25.12689900874498,19.529215983659512
10.638167944273325,24.932453566760405,19.325946290522023
9.782716045788677,24.836018997028592,19.414759583723527
10.934559312838617,24.543427549947527,20.25973077142033
12.354171164250298,24.380787898577044,19.054328193183906
12.397873891781877,24.53561150341422,18.298704924800557
13.104390897057547,24.796363932319075,18.55289702558067
13.003810974292438,24.75076430035684,18.38996676705242
12.995411010446396,25.218769594348096,18.226179866999274
13.149436468683858,25.556273158594777,17.913481900785026
7.887349994109387,26.71537154052965,17.7092383821432
9.057123819757226,25.932427832227976,18.045231432823407
8.667529133493714,27.302671834034438,17.647052298411044
8.417377720518287,27.045487413425004,17.32784320959571
8.309683128574097,27.575304375176017,18.042619498454258
8.421127109591247,27.55545661028619,17.81871414213846
9.33477454201845,26.25159478418961,19.879821088509516
9.970072768937534,26.142844732222365,20.26819588175511
10.57827668817748,26.809445488713383,19.761086917004636
9.726902938664816,25.64801489522637,19.725658179831
10.62263939621754,26.150351863715134,19.087667363242726
10.528634691044957,26.157358310113633,19.105864545526707
12.525028132795242,27.473099873403246,17.313464359618038
11.996008774882581,27.69838320513119,17.92984547751709
12.181016728901966,28.48347110691678,17.948608933264516
12.22518864694531,26.63354044458892,16.865653600233127
12.789192318551247,27.276583823011013,16.02870356382446
12.332421284050014,27.313643720660473,16.681764873671877
8.351429135055994,28.56779159788681,18.910731905714854
8.443486474676053,29.08083014163425,18.401186574224308
9.094180522028061,29.12827392874553,18.38158418104759
9.357896465007112,28.79690188411012,18.35592343675763
9.078592432432572,28.962511646533393,18.525867205063737
9.093497869535101,28.8183152702546,18.52756004017272
9.526538280739569,28.953291132908426,18.907039334124953
9.984226728122994,28.186501140584195,19.818669859135053
8.790146662245517,28.168418480837015,20.8133602731196
10.360518327843755,28.54583126383059,19.160254758115165
10.245181739006606,28.529852433978515,19.89721532179397
10.543469761447653,28.715865146251076,19.60023429957019
11.95117963678044,27.971289746252257,18.42771347641288
11.539134023370083,27.87811605065425,18.473595071016884
12.634851217637532,28.242930599166723,17.983294672861533
12.400666482310328,28.176847301112343,17.675008422113528
12.533025226879058,28.433666842759216,17.85794406777751
12.369033027225889,27.776020902064793,18.192157038558705
